0.17124888,0.17178738,0.17224029,0.17259403,0.17283514,0.17295004,0.17292525,0.17274725,0.17240253,0.1718775,0.17115875,0.17023268,0.16908582,0.16770458,0.16607548,0.16418503,0.1620197,0.15968211,0.15728779,0.15484263,0.1523525,0.14982322,0.14726073,0.14467084,0.14205943,0.1394324,0.1367956,0.13415486,0.13151607,0.12888512,0.12626787,0.12367015,0.12109789,0.118556894,0.11605305,0.113592245,0.11118031,0.108823165,0.106526636,0.10429657,0.1021389,0.100059435,0.09806406,0.09615866,0.094349064,0.09264118,0.09104086,0.089553945,0.088186346,0.08702228,0.08613312,0.085505344,0.085125394,0.084979795,0.085055016,0.08533753,0.08581381,0.086470366,0.087293655,0.08827015,0.089386344,0.09062872,0.091983765,0.093437955,0.09497776,0.09658965,0.09826014,0.09997572,0.10172281,0.10348794,0.10525755,0.107018195,0.108756274,0.1104583,0.11211077,0.11370016,0.11521293,0.11663555,0.11795455,0.11915638,0.1202275,0.121167205,0.12198757,0.12269455,0.123293936,0.12379166,0.12419354,0.12450546,0.12473328,0.12488289,0.12496014,0.124970905,0.124921024,0.1248164,0.12466289,0.12446635
0.17103432,0.17157115,0.17202261,0.17237522,0.17261556,0.17273012,0.17270538,0.17252798,0.17218432,0.17166097,0.17094448,0.17002134,0.16887808,0.16750124,0.16587728,0.16399284,0.16183434,0.15950435,0.15711832,0.15468203,0.15220119,0.1496817,0.14712933,0.1445499,0.14194919,0.13933301,0.13670714,0.13407744,0.13144965,0.1288296,0.12622312,0.12363594,0.1210739,0.11854282,0.11604848,0.11359667,0.11119322,0.10884391,0.10655455,0.10433093,0.10217888,0.10010419,0.09811264,0.09621007,0.09440223,0.09269498,0.09109407,0.08960533,0.088234544,0.087066196,0.086171865,0.08553808,0.085151374,0.08499824,0.085065246,0.085338876,0.08580567,0.08645215,0.08726484,0.08823028,0.089334965,0.09056544,0.0919082,0.09334981,0.09487676,0.09647559,0.098132804,0.09983494,0.10156853,0.10332009,0.10507617,0.10682323,0.10854782,0.1102365,0.11187574,0.11345212,0.11495212,0.11636227,0.11766911,0.11885916,0.11991891,0.12084813,0.1216594,0.122358486,0.12295121,0.12344337,0.12384078,0.124149226,0.12437454,0.12452247,0.12459883,0.124609485,0.12456016,0.1244567,0.12430489,0.12411056
0.17085387,0.17138927,0.17183952,0.17219123,0.1724309,0.17254515,0.1725205,0.17234357,0.17200081,0.17147887,0.17076425,0.16984361,0.16870339,0.1673302,0.16571064,0.16383117,0.16167845,0.15935488,0.1569758,0.1545469,0.15207396,0.14956269,0.14701885,0.1444482,0.14185649,0.13924943,0.13663282,0.13401237,0.1313938,0.12878296,0.12618545,0.123607144,0.12105375,0.11853099,0.11604461,0.1136004,0.11120404,0.108861364,0.10657803,0.10435983,0.10221252,0.10014183,0.098153494,0.09625328,0.09444694,0.0927402,0.091138825,0.08964853,0.0882751,0.087103136,0.086204454,0.08556562,0.0851732,0.08501375,0.08507383,0.08533999,0.085798815,0.086436845,0.087240644,0.088196754,0.08929176,0.0905122,0.09184466,0.09327567,0.09479182,0.09637965,0.09802571,0.099716574,0.101438805,0.103178956,0.10492359,0.10665926,0.10837253,0.11004995,0.111678086,0.113243535,0.11473278,0.11613243,0.117429055,0.11860918,0.11965938,0.120579794,0.12138339,0.122075826,0.12266296,0.12315047,0.12354409,0.12384963,0.1240728,0.124219365,0.124294996,0.12430554,0.124256685,0.12415422,0.12400385,0.12381132
0.17071295,0.1712472,0.17169651,0.17204745,0.17228666,0.17240068,0.1723761,0.17219947,0.17185746,0.17133662,0.17062353,0.16970475,0.16856696,0.16719663,0.16558044,0.16370493,0.16155669,0.15923817,0.15686451,0.1544414,0.15197459,0.14946972,0.14693257,0.14436877,0.14178404,0.13918413,0.13657473,0.13396151,0.13135019,0.12874644,0.12615606,0.12358468,0.121038,0.11852173,0.1160416,0.11360329,0.11121252,0.10887498,0.10659636,0.1043824,0.10223879,0.10017122,0.09818542,0.09628706,0.09448187,0.09277553,0.09117377,0.08968228,0.08830677,0.08713198,0.0862299,0.08558714,0.08519025,0.08502587,0.08508055,0.08534089,0.08579347,0.08642488,0.087221704,0.08817058,0.08925801,0.090470634,0.09179503,0.093217775,0.09472548,0.09630469,0.097942054,0.099624135,0.10133746,0.103068724,0.104804434,0.10653117,0.10823561,0.10990426,0.11152371,0.1130806,0.11456147,0.1159529,0.11724154,0.118413925,0.11945667,0.120370194,0.12116779,0.12185508,0.12243782,0.12292168,0.123312384,0.12361564,0.12383712,0.123982556,0.12405766,0.12406813,0.124019645,0.12391792,0.12376867,0.1235776
0.1706169,0.1711504,0.17159905,0.17194952,0.17218837,0.1723022,0.17227763,0.17210132,0.17175978,0.17123967,0.17052759,0.16961016,0.16847396,0.1671056,0.1654917,0.16361886,0.16147372,0.1591586,0.15678863,0.15436952,0.15190686,0.14940637,0.14687374,0.14431462,0.14173469,0.13913967,0.13653515,0.13392684,0.13132046,0.12872162,0.12613603,0.123569354,0.12102727,0.11851543,0.11603955,0.11360525,0.11121829,0.10888426,0.106608875,0.104397796,0.10225669,0.100191265,0.09820716,0.09631007,0.09450567,0.09279961,0.09119759,0.08970528,0.08832835,0.087151624,0.086247236,0.08560178,0.085201874,0.085034125,0.08508512,0.08534149,0.08578982,0.086416736,0.08720883,0.08815272,0.08923499,0.0904423,0.09176122,0.09317831,0.094680265,0.096253626,0.09788505,0.09956109,0.1012684,0.10299357,0.10472319,0.10644391,0.10814228,0.10980495,0.11141849,0.11296954,0.114444695,0.11583058,0.11711376,0.118280865,0.119318515,0.12022736,0.12102084,0.12170463,0.12228438,0.12276575,0.12315447,0.12345614,0.12367651,0.1238212,0.12389592,0.12390632,0.12385808,0.1237569,0.12360842,0.1234183
0.1705711,0.17110424,0.17155261,0.17190284,0.1721415,0.17225529,0.17223074,0.17205451,0.17171322,0.17119345,0.17048189,0.16956507,0.16842963,0.1670622,0.16544941,0.16357787,0.16143416,0.15912068,0.15675247,0.15433522,0.15187457,0.1493762,0.14684571,0.1442888,0.14171119,0.13911845,0.13651629,0.13391034,0.13130628,0.12870978,0.1261265,0.12356202,0.12102216,0.118512444,0.11603857,0.11360622,0.11122105,0.1088887,0.10661483,0.10440511,0.102265224,0.100200824,0.098217525,0.09632104,0.09451701,0.092811085,0.09120894,0.08971624,0.08833863,0.087161005,0.086255506,0.08560877,0.085207425,0.08503806,0.08508731,0.085341774,0.085788086,0.08641284,0.087202676,0.08814421,0.08922405,0.0904288,0.09174506,0.09315952,0.09465871,0.09622927,0.09785788,0.09953108,0.10123549,0.10295778,0.10468449,0.106402315,0.10809779,0.109757625,0.11136834,0.11291664,0.11438906,0.115772255,0.11705284,0.11821746,0.11925267,0.12015931,0.12095082,0.121632904,0.12221123,0.12269144,0.12307916,0.12338013,0.12359995,0.12374428,0.12381882,0.12382921,0.12378107,0.12368016,0.12353203,0.12334238
0.17058097,0.17111418,0.17156264,0.1719129,0.17215161,0.1722654,0.17224085,0.17206462,0.17172328,0.17120342,0.17049173,0.1695748,0.16843918,0.16707155,0.16545853,0.1635867,0.16144268,0.15912886,0.15676028,0.15434262,0.15188155,0.1493827,0.14685175,0.14429438,0.14171626,0.13912304,0.13652034,0.1339139,0.13130935,0.12871233,0.12612854,0.12356363,0.121023245,0.11851307,0.11603879,0.11360599,0.11122044,0.108887725,0.10661355,0.10440355,0.10226339,0.10019875,0.0982153,0.096318685,0.09451456,0.092808604,0.0912065,0.08971388,0.088336416,0.08715897,0.0862537,0.08560727,0.08520622,0.0850372,0.08508684,0.08534171,0.085788466,0.086413704,0.087204024,0.08814606,0.0892264,0.0904317,0.09174855,0.09316356,0.09466336,0.09623455,0.09786373,0.099537544,0.10124258,0.102965474,0.10469283,0.10641129,0.1081074,0.10976782,0.11137918,0.112928025,0.11440106,0.11578484,0.11706598,0.118231125,0.11926686,0.12017398,0.120965935,0.12164838,0.12222699,0.122707486,0.12309539,0.1233965,0.12361646,0.12376087,0.123835444,0.12384582,0.12379768,0.123696685,0.123548515,0.12335877
0.17065188,0.17118569,0.17163458,0.17198522,0.17222421,0.17233808,0.17231351,0.17213708,0.1717954,0.17127499,0.17056254,0.16964464,0.16850784,0.16713877,0.16552405,0.16365021,0.16150396,0.15918759,0.1568163,0.15439571,0.15193151,0.14942949,0.14689514,0.14433436,0.1417527,0.13915586,0.13654959,0.13393949,0.13133128,0.12873067,0.12614334,0.123574935,0.12103117,0.11851772,0.11604028,0.11360456,0.11121617,0.10888088,0.106604315,0.10439218,0.10225017,0.10018395,0.09819923,0.09630169,0.094496995,0.092790835,0.09118891,0.0896969,0.08832048,0.087144464,0.08624091,0.08559645,0.08519764,0.08503111,0.08508345,0.08534126,0.08579114,0.0864197,0.08721354,0.088159226,0.0892434,0.09045262,0.09177352,0.0931927,0.094696745,0.09627224,0.09790582,0.099584065,0.10129358,0.103020966,0.1047528,0.106475696,0.10817629,0.109841116,0.11145684,0.11301005,0.11448727,0.11587518,0.11716034,0.11832937,0.119368866,0.12027944,0.1210744,0.12175947,0.1223403,0.12282259,0.123212,0.12351428,0.12373504,0.123880014,0.123954885,0.12396529,0.12391697,0.12381559,0.123666845,0.12347637
0.17078924,0.17132412,0.17177396,0.1721253,0.17236476,0.1724789,0.17245428,0.17227751,0.17193505,0.17141363,0.17069973,0.16977996,0.1686408,0.16726896,0.1656509,0.16377328,0.16162261,0.15930137,0.15692477,0.15449853,0.15202838,0.14952007,0.14697929,0.14441179,0.14182328,0.1392195,0.13660617,0.13398904,0.13137381,0.12876622,0.12617196,0.12359685,0.12104653,0.11852676,0.11604323,0.11360173,0.11120793,0.1088676,0.10658644,0.10437019,0.10222457,0.10015531,0.098168135,0.09626878,0.09446295,0.09275641,0.09115484,0.089664005,0.088289626,0.08711636,0.086216114,0.085575484,0.08518101,0.08501931,0.085076906,0.08534041,0.08579636,0.08643136,0.087231964,0.088184744,0.089276284,0.090493135,0.0918219,0.093249135,0.09476139,0.09634525,0.097987354,0.09967418,0.101392336,0.103128396,0.10486893,0.10660054,0.10830975,0.10998314,0.111607276,0.113168806,0.11465422,0.11605012,0.117343046,0.118519634,0.11956642,0.12048368,0.12128449,0.12197459,0.1225597,0.123045556,0.123437844,0.12374234,0.12396473,0.12411076,0.124186166,0.12419668,0.12414798,0.12404586,0.12389598,0.123704135
0.17099841,0.17153494,0.17198616,0.17233863,0.17257881,0.1726933,0.17266859,0.17249125,0.1721478,0.17162472,0.17090861,0.16998595,0.16884331,0.16746718,0.16584411,0.16396067,0.16180332,0.15947461,0.15708996,0.1546551,0.15217586,0.14965801,0.14710738,0.14452964,0.14193074,0.13931638,0.13669235,0.13406447,0.13143857,0.12882033,0.12621562,0.12363022,0.121069886,0.11854045,0.11604772,0.1135974,0.111195356,0.10884739,0.10655921,0.10433669,0.102185585,0.10011167,0.09812078,0.09621867,0.09441113,0.092703976,0.09110297,0.089613914,0.08824262,0.08707355,0.086178355,0.08554356,0.08515571,0.085001335,0.085066944,0.0853391,0.085804306,0.08644911,0.08726003,0.08822361,0.089326374,0.09055484,0.09189556,0.093335055,0.09485985,0.09645648,0.09811151,0.0998114,0.10154272,0.10329202,0.10504577,0.10679059,0.10851295,0.11019937,0.11183643,0.1134106,0.114908464,0.116316535,0.11762132,0.1188094,0.119867265,0.12079473,0.121604435,0.12230222,0.12289383,0.123385064,0.12378175,0.1240896,0.1243145,0.124462135,0.12453837,0.124548994,0.12449979,0.124396525,0.12424499,0.12405103
0.17128475,0.17182358,0.1722767,0.17263067,0.17287186,0.17298685,0.17296204,0.17278394,0.17243905,0.17191376,0.1711946,0.17026804,0.16912055,0.16773859,0.16610864,0.1642172,0.16205072,0.15971182,0.15731613,0.15486951,0.15237778,0.1498469,0.14728272,0.14469106,0.1420779,0.139449,0.13681038,0.1341678,0.13152719,0.12889442,0.12627536,0.12367588,0.121101886,0.11855923,0.11605381,0.11359151,0.11117816,0.1088197,0.10652195,0.10429083,0.102132194,0.10005195,0.09805594,0.09615005,0.094340175,0.09263218,0.09103194,0.08954535,0.08817828,0.08701494,0.08612664,0.08549986,0.08512106,0.08497672,0.08505331,0.08533731,0.08581518,0.086473405,0.08729845,0.0882768,0.08939494,0.09063931,0.09199641,0.0934527,0.09499466,0.09660876,0.098281465,0.09999926,0.10174862,0.10351601,0.105287924,0.10705082,0.10879116,0.11049543,0.11215011,0.11374166,0.115256555,0.11668129,0.11800231,0.1192061,0.120279156,0.121220574,0.12204249,0.12275077,0.1233513,0.12384994,0.12425256,0.12456507,0.12479333,0.12494321,0.12502061,0.12503137,0.124981426,0.124876596,0.12472281,0.124525905
0.17165373,0.1721955,0.17265105,0.17300694,0.17324947,0.1733651,0.17334016,0.17316107,0.17281426,0.17228614,0.17156307,0.17063147,0.16947775,0.16808827,0.16644949,0.16454773,0.16236949,0.16001745,0.15760757,0.1551457,0.15263793,0.15009023,0.1475086,0.14489904,0.14226747,0.13961993,0.13696241,0.13430089,0.1316414,0.12898985,0.12635231,0.12373474,0.12114313,0.118583456,0.1160617,0.1135839,0.111156,0.108784035,0.106473945,0.10423175,0.102063425,0.099974975,0.09797239,0.096061654,0.09424876,0.09253969,0.09094046,0.08945701,0.088095374,0.08693944,0.08606003,0.08544356,0.08507642,0.08494501,0.08503574,0.085334994,0.08582919,0.08650472,0.08734797,0.08834538,0.089483306,0.09074815,0.09212635,0.09360428,0.095168345,0.09680494,0.09850044,0.10024131,0.10201391,0.10380465,0.1055999,0.10738608,0.10914961,0.11087687,0.11255425,0.114168175,0.11570506,0.11715124,0.11849318,0.119717225,0.12080982,0.121769264,0.1226069,0.1233287,0.12394069,0.12444886,0.124859184,0.12517768,0.12541027,0.12556304,0.12564193,0.1256529,0.12560198,0.12549517,0.1253384,0.12513775
0.17211069,0.17265603,0.1731147,0.17347293,0.1737171,0.17383347,0.17380838,0.1736281,0.17327899,0.17274731,0.1720194,0.17108159,0.16992012,0.16852134,0.16687156,0.16495709,0.16276425,0.16039595,0.15796843,0.15548778,0.15296014,0.15039162,0.14778842,0.14515655,0.14250226,0.13983159,0.1371507,0.13446574,0.13178283,0.12910809,0.12644765,0.12380763,0.121194184,0.118613414,0.11607147,0.11357448,0.11112857,0.10873985,0.10641448,0.10415857,0.10197825,0.09987967,0.097868934,0.09595219,0.09413555,0.092425145,0.09082712,0.08934759,0.087992705,0.08684591,0.08597753,0.08537382,0.08502113,0.08490575,0.08501397,0.08533213,0.08584653,0.086543486,0.08740931,0.08843027,0.08959271,0.090882935,0.09228729,0.09379199,0.09538342,0.09704788,0.09877166,0.10054108,0.102342434,0.10416207,0.105986245,0.1078013,0.10959353,0.11134925,0.11305479,0.11469642,0.11626048,0.117733255,0.11910106,0.120350204,0.12146703,0.12244874,0.12330584,0.124044426,0.124670625,0.1251906,0.12561049,0.12593633,0.12617436,0.12633066,0.12641133,0.12642258,0.12637049,0.1262612,0.12610082,0.12589546
0.17266099,0.17321073,0.17367302,0.17403416,0.17428027,0.17439756,0.17437226,0.17419057,0.17383865,0.1733027,0.17256898,0.1716236,0.17045283,0.16904287,0.16737989,0.16545008,0.16323966,0.16085178,0.15840305,0.15589973,0.15334815,0.15075459,0.14812535,0.1454667,0.14278501,0.14008649,0.13737747,0.13466427,0.13195318,0.12925045,0.12656245,0.12389542,0.12125567,0.11864952,0.116083235,0.11356314,0.1110955,0.10868665,0.10634285,0.10407045,0.10187568,0.09976488,0.09774434,0.09582035,0.0939992,0.092287205,0.09069065,0.08921584,0.087869056,0.0867333,0.085878156,0.085289836,0.08495454,0.08485844,0.08498777,0.0853287,0.085867435,0.086590186,0.087483145,0.088532515,0.08972448,0.091045275,0.09248107,0.09401806,0.09564246,0.09734048,0.09909827,0.1009021,0.1027381,0.10459252,0.10645153,0.10830135,0.110128164,0.11191817,0.11365758,0.11533257,0.11692938,0.11843418,0.11983315,0.12111254,0.12225852,0.123267084,0.124147594,0.12490635,0.12554972,0.1260839,0.12651521,0.12685,0.12709452,0.12725511,0.127338,0.12734956,0.12729603,0.12718375,0.12701897,0.12680805
0.17331001,0.17386493,0.17433156,0.17469604,0.1749445,0.1750629,0.17503737,0.17485392,0.17449872,0.17395775,0.17321713,0.17226295,0.1710812,0.16965799,0.1679794,0.16603151,0.16380037,0.1613894,0.15891565,0.15638565,0.15380579,0.15118268,0.14852275,0.14583252,0.14311849,0.14038713,0.13764495,0.13489841,0.13215405,0.12941839,0.12669782,0.12399893,0.121328205,0.118692085,0.116097115,0.11354977,0.11105653,0.1086239,0.1062584,0.10396652,0.1017547,0.09962951,0.097597376,0.09566486,0.09383839,0.0921245,0.09052967,0.08906042,0.08772322,0.08660048,0.08576097,0.08519079,0.084876,0.084802665,0.08495684,0.08532463,0.085892074,0.08664526,0.08757025,0.0886531,0.089879915,0.09123674,0.09270964,0.09428469,0.095947996,0.09768557,0.099483505,0.10132789,0.103204764,0.10510021,0.10700032,0.10889113,0.11075872,0.11258917,0.11436854,0.11608291,0.11771832,0.119260885,0.120696634,0.12201168,0.12319204,0.124232255,0.12514041,0.12592301,0.12658651,0.12713748,0.12758236,0.12792762,0.12817985,0.12834544,0.12843096,0.12844288,0.12838766,0.12827186,0.12810192,0.12788433
0.1740632,0.17462407,0.17509575,0.17546417,0.17571528,0.17583498,0.17580917,0.17562376,0.1752647,0.17471792,0.17396934,0.17300485,0.17181036,0.17037183,0.16867515,0.16670626,0.16445108,0.16201329,0.15951052,0.1569495,0.15433687,0.15167947,0.14898393,0.146257,0.14350547,0.140736,0.13795532,0.13517015,0.13238719,0.12961324,0.12685494,0.12411908,0.12141237,0.11874149,0.116113216,0.11353423,0.111011274,0.10855109,0.106160395,0.10384588,0.10161431,0.09947239,0.09742684,0.0954844,0.09365177,0.091935694,0.090342894,0.08888008,0.087553985,0.08644634,0.08562499,0.08507586,0.08478487,0.08473794,0.084920965,0.08531992,0.08592068,0.08670917,0.08767132,0.08879304,0.09006028,0.09145892,0.09297489,0.09459412,0.09630253,0.09808604,0.09993055,0.10182199,0.10374629,0.10568937,0.10763715,0.109575525,0.11149044,0.113367826,0.11519356,0.11695359,0.11863385,0.12022022,0.12169865,0.123055056,0.12427533,0.1253523,0.12629251,0.12710273,0.12778969,0.1283601,0.12882067,0.12917814,0.12943928,0.12961075,0.12969927,0.1297116,0.12965442,0.12953454,0.12935859,0.12913336
0.1749259,0.17549363,0.17597106,0.176344,0.17659818,0.17671931,0.17669317,0.17650554,0.17614208,0.17558862,0.1748309,0.17385462,0.17264555,0.17118944,0.16947205,0.16747911,0.16519637,0.16272789,0.16019188,0.1575953,0.15494518,0.15224847,0.14951217,0.14674328,0.14394875,0.14113562,0.13831079,0.13548136,0.13265425,0.12983643,0.12703492,0.12425671,0.12150875,0.11879807,0.11613165,0.11351645,0.11095947,0.1084677,0.10604813,0.10370773,0.10145351,0.09929244,0.097231515,0.09527771,0.09343802,0.09171943,0.090128936,0.08867351,0.08736014,0.08626978,0.08546922,0.0849442,0.084680475,0.084663786,0.08487988,0.08531451,0.08595344,0.086782366,0.087787084,0.08895333,0.09026685,0.0917134,0.093278706,0.09494853,0.096708626,0.098544724,0.10044259,0.10238796,0.10436658,0.10636421,0.10836657,0.11035946,0.11232859,0.114259705,0.11613857,0.11795092,0.11968249,0.121319056,0.122846365,0.124250144,0.12551616,0.12663516,0.12761213,0.12845401,0.1291678,0.1297605,0.1302391,0.13061054,0.13088185,0.13106002,0.13115199,0.1311648,0.13110542,0.13098083,0.13079803,0.13056396
0.17588884,0.17646559,0.17695062,0.1773295,0.17758767,0.17771077,0.17768423,0.17749359,0.17712438,0.17656212,0.17579235,0.17480052,0.17357221,0.17209299,0.17034832,0.1683237,0.16600466,0.1634959,0.16091661,0.15827407,0.15557556,0.15282841,0.15003991,0.14721735,0.14436804,0.14149928,0.13861834,0.13573252,0.13284916,0.12997553,0.12711889,0.12428662,0.12148595,0.11872422,0.11600869,0.11334669,0.11074548,0.10821241,0.10575475,0.10337977,0.10109482,0.09890718,0.09682413,0.094852984,0.09300103,0.09127556,0.08968389,0.088233314,0.08693113,0.0858576,0.08507845,0.08457925,0.0843455,0.084362686,0.08461637,0.08509207,0.0857753,0.08665157,0.08770643,0.08892536,0.09029392,0.09179762,0.09342195,0.0951525,0.09697471,0.09887417,0.100836344,0.102846794,0.10489102,0.10695457,0.10902294,0.11108162,0.11311622,0.11511219,0.11705506,0.11893039,0.12072366,0.12242039,0.124006115,0.12546639,0.12678666,0.12795553,0.12897602,0.12985538,0.13060099,0.13122004,0.13171998,0.13210794,0.13239136,0.13257745,0.13267353,0.13268693,0.13262488,0.13249476,0.13230377,0.1320593
0.17693357,0.17752257,0.1780179,0.17840482,0.1786685,0.17879416,0.17876707,0.17857237,0.17819534,0.17762111,0.17683499,0.17582212,0.17456773,0.17305705,0.17127529,0.16920765,0.16683936,0.1642762,0.16163893,0.1589352,0.15617268,0.15335906,0.15050197,0.14760911,0.14468814,0.14174671,0.13879248,0.13583319,0.13287644,0.1299299,0.12700126,0.12409815,0.1212283,0.118399344,0.11561894,0.11289475,0.11023447,0.10764575,0.10513625,0.10271366,0.100385636,0.098159835,0.09604395,0.09404565,0.09217254,0.09043235,0.08883273,0.08738137,0.086085886,0.08502617,0.084267125,0.08379396,0.08359186,0.083646074,0.083941765,0.084464215,0.08519859,0.086130135,0.08724403,0.08852551,0.08995976,0.09153204,0.093227535,0.095031455,0.09692905,0.098905474,0.10094599,0.10303578,0.10516007,0.10730409,0.10945303,0.111592114,0.11370658,0.11578157,0.117802374,0.11975417,0.12162217,0.12339159,0.12504764,0.12657557,0.12796055,0.12918864,0.13026078,0.13118473,0.13196808,0.13261855,0.13314377,0.13355143,0.13384917,0.13404469,0.13414563,0.1341597,0.13409455,0.13395779,0.13375716,0.13350031
0.17805156,0.17865571,0.17916378,0.17956065,0.17983115,0.17996003,0.17993222,0.17973255,0.17934579,0.17875682,0.17795046,0.17691153,0.17562489,0.17407535,0.1722478,0.170127,0.16769777,0.16506754,0.16235909,0.15958051,0.15673995,0.15384546,0.15090513,0.14792703,0.14491925,0.14188991,0.13884711,0.13579889,0.13275337,0.12971863,0.12670283,0.123713925,0.12076009,0.11784941,0.11498996,0.11218983,0.10945712,0.1067999,0.104226306,0.10174437,0.09936221,0.09708789,0.094929546,0.092895254,0.09099308,0.08923112,0.08761747,0.086160235,0.084867485,0.0838189,0.08307874,0.0826318,0.08246291,0.082556896,0.08289862,0.08347289,0.08426454,0.08525845,0.08643936,0.0877922,0.08930176,0.09095285,0.09273036,0.09461908,0.09660384,0.098669514,0.1008009,0.102982834,0.10520016,0.107437715,0.109680325,0.11191283,0.11412004,0.116286814,0.11839797,0.12043836,0.1223928,0.124246135,0.1259832,0.12758878,0.12904778,0.13034345,0.13147469,0.13244946,0.13327597,0.13396224,0.13451639,0.1349465,0.13526063,0.1354669,0.13557343,0.13558826,0.13551949,0.13537523,0.13516359,0.13489257
0.17923442,0.17985627,0.18037923,0.18078773,0.18106611,0.1811988,0.18117023,0.18096465,0.18056656,0.17996033,0.17913032,0.17806096,0.17673662,0.17514169,0.17326051,0.1710775,0.16857715,0.16586858,0.16307732,0.1602119,0.15728082,0.15429276,0.15125616,0.1481796,0.1450717,0.14194095,0.13879594,0.13564524,0.13249737,0.1293609,0.12624446,0.12315648,0.12010562,0.11710041,0.11414937,0.11126112,0.108444184,0.10570712,0.103058495,0.10050687,0.09806077,0.0957288,0.0935195,0.09144143,0.08950313,0.087713175,0.086080134,0.08461254,0.08331896,0.08227917,0.081556804,0.08113625,0.08100193,0.08113818,0.08152941,0.082160026,0.08301438,0.084076926,0.08533196,0.08676396,0.08835725,0.09009626,0.09196537,0.093948945,0.09603139,0.0981971,0.10043048,0.10271587,0.1050377,0.10738034,0.10972819,0.112065636,0.11437704,0.11664684,0.11885939,0.120999075,0.12305033,0.124997474,0.12682493,0.1285171,0.13005838,0.1314291,0.13262586,0.13365713,0.1345315,0.13525753,0.13584374,0.13629878,0.13663112,0.13684934,0.13696203,0.13697773,0.13690497,0.13675235,0.13652842,0.1362417
0.18047366,0.18111543,0.18165517,0.18207677,0.18236405,0.18250102,0.18247147,0.18225937,0.18184851,0.18122281,0.18036622,0.17926255,0.17789577,0.17624967,0.17430824,0.17205527,0.16947472,0.16667815,0.16379392,0.16083111,0.15779878,0.154706,0.15156186,0.1483754,0.14515568,0.1419118,0.13865282,0.13538778,0.13212574,0.12887579,0.12564701,0.12244846,0.11928918,0.11617828,0.11312481,0.110137835,0.1072264,0.1043996,0.101666495,0.09903614,0.096517615,0.09412002,0.09185234,0.089723736,0.08774319,0.085919835,0.0842627,0.08278088,0.0814834,0.08045031,0.07974483,0.07935084,0.07925221,0.079432875,0.07987668,0.08056756,0.081489354,0.08262598,0.08396129,0.08547922,0.08716366,0.08899843,0.09096749,0.0930547,0.09524394,0.09751913,0.09986412,0.102262825,0.10469912,0.10715691,0.10962004,0.11207245,0.11449799,0.116880596,0.119204104,0.12145241,0.12360944,0.12565906,0.12758514,0.1293716,0.13100232,0.13245457,0.13372248,0.13481507,0.13574144,0.13651066,0.13713175,0.1376138,0.13796592,0.13819715,0.13831653,0.13833314,0.13825607,0.13809437,0.13785711,0.13755338
0.18176076,0.18242437,0.1829825,0.18341841,0.1837155,0.18385713,0.18382657,0.18360722,0.18318237,0.18253547,0.18164971,0.1805085,0.17909522,0.17739317,0.17538568,0.17305611,0.17038777,0.16749488,0.16450907,0.16143997,0.1582972,0.15509036,0.15182905,0.14852294,0.1451815,0.1418145,0.13843149,0.13504204,0.1316558,0.12828237,0.12493138,0.121612415,0.1183351,0.11510901,0.111943804,0.108849116,0.10583448,0.10290955,0.10008391,0.09736718,0.09476901,0.09229897,0.08996668,0.08778173,0.085753776,0.0838924,0.0822072,0.08070781,0.07940384,0.07837568,0.0776863,0.07731899,0.07725711,0.07748398,0.07798299,0.07873744,0.079730675,0.080946036,0.08236686,0.08397651,0.08575828,0.08769556,0.08977166,0.091969945,0.09427373,0.09666639,0.09913121,0.101651564,0.10421082,0.106792286,0.10937926,0.111955166,0.11450331,0.117007,0.11944962,0.12181449,0.12408495,0.12624438,0.12827606,0.13016336,0.13188961,0.13342889,0.13477275,0.1359308,0.13691267,0.13772798,0.13838626,0.13889723,0.13927042,0.13951547,0.13964204,0.13965964,0.13957797,0.13940659,0.1391551,0.13883315
0.18308736,0.18377438,0.18435214,0.18480346,0.185111,0.18525761,0.18522596,0.1849989,0.18455912,0.18388936,0.18297243,0.18179101,0.18032789,0.17856586,0.17648761,0.17407595,0.17131361,0.16831753,0.16522308,0.16204037,0.15877955,0.15545091,0.15206458,0.14863068,0.14515945,0.1416611,0.13814573,0.13462365,0.13110492,0.12759979,0.124118395,0.12067092,0.11726761,0.11391858,0.11063406,0.107424155,0.10429915,0.10126915,0.09834438,0.09553499,0.092851184,0.09030312,0.08790104,0.08565505,0.08357535,0.08167217,0.079955645,0.07843598,0.077123344,0.0760987,0.075424746,0.075084224,0.07505991,0.07533452,0.07589085,0.076711595,0.077779576,0.0790775,0.08058812,0.08229421,0.08417853,0.08622383,0.08841283,0.090728305,0.09315302,0.095669724,0.09826115,0.10091006,0.10359923,0.10631137,0.109029286,0.111735694,0.11441336,0.11704504,0.11961349,0.12210142,0.124491625,0.1267669,0.12890989,0.13090344,0.13273028,0.13436107,0.13578486,0.13701177,0.138052,0.13891578,0.13961324,0.14015457,0.14054999,0.14080961,0.14094369,0.14096235,0.1408758,0.14069423,0.1404278,0.14008673
0.18444501,0.18515661,0.18575509,0.18622254,0.18654114,0.18669298,0.18666022,0.18642499,0.18596946,0.18527573,0.18432589,0.18310219,0.18158667,0.17976153,0.17760885,0.17511076,0.17224945,0.16914488,0.16593614,0.16263404,0.1592493,0.15579274,0.15227512,0.1487072,0.14509977,0.14146361,0.1378095,0.13414818,0.13049047,0.12684712,0.12322892,0.119646646,0.11611104,0.11263292,0.10922305,0.1058922,0.102651134,0.09951066,0.096481524,0.09357452,0.0908004,0.08816997,0.085694,0.083383225,0.08124846,0.07930049,0.077550046,0.07600796,0.07468496,0.0736627,0.073003665,0.072690025,0.07270389,0.073027425,0.073642746,0.07453198,0.07567729,0.077060774,0.07866459,0.0804709,0.082461774,0.084619395,0.08692591,0.08936341,0.09191404,0.09455998,0.097283304,0.1000662,0.10289075,0.10573915,0.1085935,0.11143593,0.11424858,0.11701362,0.11971314,0.12232929,0.124844186,0.12724,0.1294989,0.13160291,0.13353425,0.13526015,0.13676693,0.1380654,0.13916631,0.14008044,0.14081858,0.14139149,0.14180991,0.1420847,0.1422266,0.14224635,0.14215474,0.14196257,0.14168061,0.14131966
0.18582517,0.1865623,0.1871822,0.1876664,0.18799643,0.18815371,0.1881198,0.18787614,0.18740425,0.18668565,0.18570182,0.18443425,0.18286441,0.18097386,0.17874402,0.17615643,0.17319259,0.16997561,0.16664858,0.16322286,0.15970986,0.15612097,0.15246755,0.14876099,0.14501269,0.14123406,0.13743643,0.13363118,0.12982976,0.1260435,0.12228382,0.118562095,0.1148897,0.11127803,0.10773846,0.104282394,0.10092119,0.09766628,0.094529,0.09152076,0.08865293,0.08593692,0.08338409,0.08100586,0.07881357,0.07681864,0.07503243,0.073466346,0.07213177,0.07111104,0.070466585,0.07017987,0.07023241,0.0706057,0.07128125,0.07224053,0.07346504,0.074936286,0.07663578,0.07854497,0.08064536,0.082918495,0.08534581,0.087908834,0.09058908,0.09336798,0.09622709,0.099147886,0.10211184,0.10510048,0.1080953,0.11107777,0.1140294,0.1169317,0.11976612,0.12251422,0.12515742,0.12767728,0.13005525,0.13227285,0.13431157,0.13613515,0.1377272,0.13909915,0.14026238,0.14122823,0.14200817,0.14261349,0.14305563,0.14334594,0.14349586,0.14351673,0.14341994,0.1432169,0.142919,0.14253755
0.18721946,0.18798263,0.18862444,0.18912578,0.18946743,0.18963028,0.18959521,0.18934292,0.18885435,0.1881103,0.18709171,0.18577935,0.18415405,0.18219663,0.17988797,0.17720892,0.17414027,0.17080846,0.16736056,0.16380864,0.1601647,0.1564407,0.15264866,0.14880058,0.14490853,0.14098445,0.13704035,0.13308825,0.12914012,0.12520802,0.121303946,0.117439926,0.11362786,0.10987986,0.106207885,0.10262393,0.09914005,0.095768206,0.092520416,0.089408696,0.08644503,0.08364145,0.08100993,0.07856252,0.07631118,0.074267924,0.07244479,0.070853755,0.06950681,0.068487115,0.06785696,0.067597225,0.06768873,0.068112336,0.06884888,0.069879174,0.071184084,0.07274445,0.074541114,0.07655491,0.07876668,0.081157275,0.08370751,0.08639826,0.08921034,0.09212462,0.095121905,0.09818304,0.101288915,0.104420304,0.1075581,0.110683106,0.113776185,0.11681816,0.11978991,0.12267227,0.12544604,0.12809208,0.13059121,0.13292435,0.13507225,0.13699512,0.13867386,0.14012054,0.14134707,0.14236553,0.1431879,0.14382616,0.14429238,0.14459851,0.1447566,0.14477861,0.14467657,0.14446245,0.14414832,0.14374614
0.18861935,0.18940881,0.19007275,0.19059135,0.19094478,0.19111322,0.19107689,0.19081594,0.19031055,0.18954092,0.18848723,0.18712966,0.18544836,0.18342356,0.1810354,0.17826411,0.17508979,0.17164215,0.1680724,0.16439323,0.1606172,0.15675703,0.15282524,0.14883454,0.14479752,0.14072682,0.1366351,0.1325349,0.12843896,0.12435983,0.120310195,0.116302654,0.11234983,0.10846436,0.10465889,0.10094605,0.097338416,0.093848675,0.090489425,0.0872733,0.084212966,0.08132101,0.07861008,0.07609279,0.073781796,0.071689695,0.06982912,0.06821274,0.066853136,0.065834254,0.06521836,0.064985596,0.0651162,0.06559032,0.06638815,0.06748987,0.06887565,0.070525676,0.07242014,0.074539214,0.07686309,0.07937193,0.082045935,0.08486525,0.08781013,0.090860665,0.09399712,0.09719962,0.100448355,0.10372352,0.10700529,0.110273845,0.11350937,0.11669206,0.119802095,0.1228196,0.12572479,0.12849791,0.13111906,0.13356842,0.13582624,0.13784905,0.13961506,0.1411369,0.14242719,0.14349858,0.14436369,0.14503513,0.14552557,0.14584765,0.14601395,0.14603709,0.14592974,0.14570452,0.14537404,0.14495094
0.19001645,0.19083208,0.19151802,0.1920538,0.19241895,0.192593,0.19255546,0.19228585,0.19176376,0.19096859,0.18987997,0.18847737,0.18674035,0.18464844,0.1821811,0.17931792,0.1760384,0.1724754,0.16878432,0.1649784,0.1610709,0.15707502,0.1530041,0.1488713,0.14468993,0.1404732,0.1362344,0.1319868,0.12774354,0.12351804,0.11932337,0.11517294,0.11107988,0.10705753,0.1031191,0.09927784,0.095547,0.09193985,0.08846963,0.08514958,0.08199297,0.07901304,0.07622306,0.07363627,0.07126589,0.06912523,0.067227475,0.06558595,0.064213835,0.06319588,0.06259424,0.06238848,0.0625581,0.063082635,0.063941605,0.06511452,0.06658094,0.068320364,0.070312336,0.07253633,0.07497195,0.07759863,0.08039598,0.083343476,0.08642063,0.08960701,0.0928821,0.096225455,0.09961659,0.10303503,0.10646029,0.10987188,0.11324937,0.11657225,0.119820036,0.12297228,0.12600853,0.12890823,0.13165097,0.13421623,0.1365836,0.138706,0.14055897,0.14215574,0.1435096,0.14463374,0.14554147,0.14624599,0.1467606,0.14709848,0.14727297,0.14729728,0.14718463,0.14694832,0.14660154,0.14615764
0.19140227,0.1922436,0.19295117,0.19350386,0.19388054,0.19406007,0.19402131,0.19374323,0.19320466,0.19238442,0.19126149,0.18981466,0.18802284,0.18586494,0.18331979,0.1803663,0.17698336,0.17330697,0.1694966,0.16556603,0.16152917,0.15739985,0.153192,0.14891942,0.14459603,0.14023563,0.13585213,0.1314594,0.12707132,0.12270165,0.11836438,0.114073336,0.10984236,0.10568532,0.10161611,0.09764857,0.09379658,0.09007399,0.086494684,0.0830725,0.07982134,0.07675503,0.07388745,0.071232505,0.068804,0.06661583,0.064681865,0.06301593,0.061631933,0.0606153,0.060028143,0.059849318,0.060057726,0.060632244,0.061551746,0.06279512,0.06434123,0.06616894,0.068257175,0.07058477,0.073130615,0.07587361,0.078792594,0.081866495,0.08507417,0.08839448,0.0918063,0.09528855,0.09882008,0.10237976,0.10594648,0.10949913,0.11301657,0.11647769,0.119861364,0.12314648,0.1263119,0.12933649,0.13219917,0.1348788,0.13735425,0.13957499,0.1415138,0.14318456,0.14460112,0.14577733,0.14672713,0.14746426,0.1480027,0.14835626,0.14853881,0.14856428,0.1484464,0.14819913,0.14783631,0.14737184
0.19276838,0.19363463,0.19436318,0.19493227,0.19532008,0.19550493,0.19546504,0.19517873,0.19462416,0.19377963,0.19262338,0.19113366,0.18928875,0.18706684,0.18444623,0.18140519,0.17792192,0.17413558,0.1702094,0.1661579,0.16199546,0.1577366,0.15339576,0.14898743,0.14452605,0.14002609,0.13550203,0.13096835,0.12643948,0.121929884,0.11745406,0.11302646,0.10866149,0.10437369,0.1001775,0.09608741,0.09211785,0.0882833,0.084598206,0.08107705,0.07773431,0.07458441,0.07164186,0.068921104,0.066436596,0.06420282,0.06223423,0.06054531,0.0591505,0.058135923,0.057563536,0.05741163,0.057658423,0.05828217,0.059261125,0.06057357,0.062197708,0.06411181,0.06629415,0.06872296,0.071376495,0.074233,0.077270746,0.08046799,0.08380294,0.0872539,0.090799086,0.09441675,0.09808518,0.10178262,0.10548727,0.10917748,0.11283139,0.11642733,0.119943514,0.12335822,0.12664968,0.12979618,0.13277592,0.1355672,0.13814825,0.14046504,0.14248772,0.14423077,0.14570856,0.14693564,0.14792652,0.14869559,0.1492573,0.14962614,0.14981659,0.14984313,0.14972018,0.14946221,0.14908373,0.14859915
0.19410624,0.19499637,0.19574496,0.19632968,0.19672817,0.19691809,0.19687715,0.19658291,0.19601311,0.19514535,0.19395727,0.19242656,0.19053091,0.18824787,0.18555517,0.18243046,0.17885141,0.17495996,0.17092305,0.16675581,0.16247323,0.15809032,0.15362218,0.14908384,0.1444903,0.13985667,0.13519794,0.13052918,0.12586549,0.12122181,0.116613254,0.11205486,0.10756162,0.10314865,0.09883092,0.09462356,0.090541534,0.08659997,0.082813844,0.079198204,0.07576813,0.07253866,0.069524795,0.06674163,0.06420418,0.061927523,0.059926666,0.058216676,0.056812588,0.05580111,0.05524398,0.055118885,0.055403464,0.056075387,0.057112273,0.058491796,0.06019163,0.062189393,0.06446276,0.066989385,0.06974693,0.07271301,0.07586533,0.07918151,0.08263923,0.0862161,0.08988982,0.09363803,0.09743837,0.1012685,0.1051061,0.108928785,0.11271423,0.11644012,0.12008403,0.12362367,0.12703669,0.13030073,0.13339344,0.13629252,0.13897556,0.14138518,0.14348891,0.14530174,0.14683883,0.14811508,0.14914565,0.14994551,0.15052974,0.15091334,0.15111145,0.151139,0.15101114,0.15074284,0.15034917,0.14984521
0.1954075,0.19631998,0.1970874,0.19768684,0.19809537,0.19829006,0.19824809,0.19794646,0.1973623,0.1964727,0.19525477,0.19368558,0.19174221,0.1894018,0.1866414,0.18343809,0.17976902,0.17577882,0.17163782,0.16736166,0.1629659,0.15846618,0.15387806,0.14921716,0.14449905,0.13973935,0.13495366,0.13015755,0.12536664,0.12059657,0.11586286,0.111181155,0.10656704,0.1020361,0.097603954,0.09328619,0.0890984,0.085056216,0.081175186,0.07747094,0.07395908,0.07065518,0.06757484,0.06473368,0.06214726,0.059831236,0.057801154,0.056072637,0.054661267,0.053654216,0.053112954,0.053014576,0.053336173,0.054054856,0.055147685,0.056591783,0.05836422,0.060442086,0.0628025,0.065422535,0.068279274,0.071349844,0.074611284,0.07804073,0.08161527,0.08531196,0.08910794,0.092980266,0.09690604,0.10086238,0.10482632,0.10877502,0.11268553,0.116534956,0.12030038,0.12395891,0.12748761,0.13086359,0.13406396,0.1370658,0.13984619,0.14234443,0.14452553,0.14640509,0.14799865,0.14932188,0.15039033,0.15121964,0.15182532,0.15222305,0.15242845,0.15245701,0.15232447,0.1520463,0.15163815,0.15111564
0.19666362,0.19759673,0.19838145,0.19899443,0.19941217,0.1996113,0.19956835,0.1992599,0.19866256,0.1977529,0.19650747,0.19490284,0.1929156,0.19052234,0.18769962,0.184424,0.18067205,0.1765909,0.17235392,0.16797724,0.16347696,0.15886925,0.15417019,0.1493959,0.14456253,0.13968612,0.13478293,0.12986894,0.12496032,0.12007321,0.1152237,0.11042795,0.105702005,0.101062045,0.096524194,0.09210451,0.08781917,0.08368425,0.07971594,0.07593027,0.072343424,0.06897148,0.06583056,0.06293682,0.060306344,0.057955276,0.055899702,0.054155763,0.052739587,0.051738616,0.051213954,0.05114217,0.051499866,0.052263584,0.053409927,0.05491544,0.05675672,0.058910314,0.061352856,0.06406085,0.06701093,0.070179634,0.07354355,0.077079244,0.08076329,0.084572285,0.08848279,0.09247136,0.09651461,0.100589074,0.104671404,0.108738035,0.11276568,0.11673083,0.120610096,0.124380045,0.12801722,0.13149829,0.13479973,0.13789816,0.14077014,0.14335185,0.14560579,0.14754814,0.14919493,0.15056238,0.15166649,0.15252347,0.15314943,0.15356044,0.15377273,0.15380225,0.15366523,0.15337777,0.15295598,0.15241604
0.19786622,0.19881777,0.1996181,0.20024318,0.20066918,0.20087227,0.20082848,0.2005139,0.19990475,0.19897705,0.19770694,0.19607054,0.19404392,0.19160321,0.18872459,0.18538408,0.1815578,0.17739493,0.17307158,0.16860436,0.16400982,0.1593046,0.15450537,0.14962862,0.14469098,0.1397091,0.13469955,0.12967892,0.12466382,0.11967087,0.114716634,0.109817766,0.10499086,0.100252435,0.0956192,0.0911077,0.08673454,0.08251631,0.07846966,0.07461113,0.070957385,0.06752497,0.06433053,0.061390635,0.058721907,0.056340933,0.054264326,0.052508675,0.051090594,0.05009768,0.049590502,0.049545173,0.049937833,0.050744563,0.05194148,0.05350471,0.05541036,0.057634532,0.06015331,0.062942855,0.06597926,0.0692386,0.07269706,0.07633067,0.0801156,0.084027946,0.08804379,0.09213928,0.096290514,0.1004736,0.10466463,0.10883974,0.11297507,0.11704664,0.12103064,0.12490317,0.12864032,0.13221818,0.13561295,0.13880064,0.14175741,0.14441644,0.14673787,0.14873837,0.15043451,0.15184285,0.15298006,0.15386274,0.15450743,0.15493076,0.15514934,0.15517978,0.15503865,0.1547426,0.1543082,0.15375203
0.19900675,0.19997439,0.20078817,0.2014238,0.20185702,0.2020635,0.20201895,0.20169911,0.2010797,0.20013633,0.19884482,0.19718081,0.19512005,0.19263822,0.18971105,0.18631423,0.1824235,0.17818962,0.17379107,0.16924481,0.1645679,0.15977743,0.15489039,0.14992382,0.14489478,0.13982025,0.13471735,0.12960312,0.124494545,0.11940869,0.11436259,0.10937333,0.10445784,0.09963328,0.09491665,0.09032494,0.08587525,0.08158457,0.07747002,0.07354856,0.06983725,0.066353165,0.063113295,0.060134705,0.057434455,0.05502955,0.052937035,0.05117396,0.049757373,0.048774753,0.048286095,0.04826707,0.048693392,0.049540777,0.05078491,0.052401543,0.05436635,0.056655042,0.05924335,0.062106967,0.06522159,0.06856294,0.07210672,0.07582864,0.079704404,0.08370973,0.08782033,0.0920119,0.09626015,0.100540794,0.10482952,0.109102055,0.11333412,0.11750139,0.12157958,0.12554444,0.12937161,0.13303685,0.13651586,0.13978432,0.14281799,0.14554723,0.14792995,0.14998324,0.15172419,0.15316974,0.15433694,0.15524292,0.15590464,0.15633914,0.1565635,0.15659475,0.1564499,0.15614603,0.15570013,0.15512931
0.20007682,0.20105772,0.20188263,0.20252699,0.20296612,0.20317541,0.20313026,0.20280609,0.2021781,0.20122188,0.19991267,0.1982259,0.1961369,0.19362107,0.19065379,0.18721046,0.1832664,0.17897375,0.17451261,0.16990046,0.16515471,0.16029273,0.15533201,0.15028998,0.14518403,0.14003164,0.13485016,0.12965706,0.12446978,0.11930574,0.11418237,0.10911709,0.104127295,0.09923051,0.09444407,0.089785434,0.08527203,0.08092129,0.076750636,0.07277749,0.0690193,0.06549345,0.06221742,0.059208624,0.05648447,0.0540624,0.051959842,0.050194215,0.04878296,0.04781324,0.04734425,0.04735132,0.047809828,0.048695188,0.049982738,0.051647875,0.053665962,0.056012362,0.05866249,0.061591674,0.06477532,0.06818881,0.071807496,0.075606756,0.07956198,0.08364853,0.0878418,0.092117146,0.09644994,0.100815564,0.10518943,0.10954685,0.113863215,0.11811397,0.122274384,0.12631989,0.13022587,0.13396767,0.1375207,0.1408603,0.14396186,0.14675322,0.14919019,0.15129024,0.1530708,0.15454926,0.15574305,0.15666963,0.15734641,0.15779081,0.15802027,0.15805225,0.15790407,0.1575933,0.15713729,0.15655345
0.20106798,0.20205899,0.20289245,0.20354348,0.20398712,0.2041986,0.20415299,0.20382541,0.20319098,0.20222485,0.20090212,0.19919792,0.19708733,0.19454549,0.19154754,0.18806863,0.1840838,0.179746,0.17523652,0.17057316,0.16577362,0.1608557,0.15583713,0.15073568,0.14556912,0.14035521,0.13511169,0.12985633,0.12460688,0.119381145,0.11419682,0.10907169,0.10402354,0.09907007,0.09422912,0.08951837,0.08495561,0.080558635,0.07634513,0.072332926,0.06853973,0.064983346,0.061681494,0.058651954,0.055912472,0.05348083,0.051374763,0.049612034,0.04821042,0.047256503,0.04680846,0.046841413,0.04733051,0.048250806,0.04957748,0.051285636,0.053350385,0.055746865,0.058450185,0.06143547,0.06467784,0.06815241,0.071834326,0.07569865,0.079720564,0.083875164,0.08813758,0.092482924,0.096886314,0.1013229,0.10576775,0.11019604,0.11458283,0.11890329,0.12313255,0.12724568,0.13121784,0.13502413,0.13863969,0.14203963,0.14519906,0.1480435,0.15052678,0.15266679,0.15448117,0.15598772,0.15720423,0.15814844,0.15883808,0.15929091,0.15952477,0.15955731,0.1594064,0.15908968,0.15862498,0.15803003
0.20197174,0.2029694,0.20380849,0.20446388,0.20491056,0.20512348,0.20507757,0.2047478,0.20410909,0.2031364,0.20180476,0.20008902,0.19796419,0.19540524,0.19238706,0.18888466,0.18487297,0.18050514,0.175963,0.17126466,0.16642812,0.16147135,0.15641242,0.15126938,0.14606024,0.14080307,0.13551578,0.13021652,0.124923244,0.11965399,0.11442683,0.10925976,0.104170784,0.09917799,0.094299346,0.08955294,0.084956735,0.08052882,0.07628717,0.072249845,0.068434864,0.06486027,0.06154405,0.058504283,0.05575897,0.05332612,0.05122381,0.049470026,0.048082806,0.047147885,0.046722252,0.046780847,0.04729865,0.048250612,0.049611658,0.051356766,0.053460885,0.055898964,0.05864594,0.0616768,0.06496647,0.06848991,0.07222208,0.07613792,0.0802124,0.08442047,0.08873707,0.093137175,0.0975957,0.10208764,0.106587894,0.1110715,0.11551332,0.119888365,0.12417158,0.12833789,0.13236228,0.13621968,0.13988505,0.14333336,0.14653954,0.14942704,0.15194795,0.15412031,0.15596217,0.15749153,0.15872645,0.15968494,0.16038503,0.16084474,0.1610821,0.16111517,0.16096193,0.16064042,0.16016868,0.15956478
0.20277962,0.20378022,0.20462176,0.20527907,0.20572701,0.20594054,0.20589449,0.20556375,0.2049232,0.20394772,0.20261216,0.20089145,0.19876045,0.19619405,0.1931671,0.1896545,0.18563114,0.18124984,0.17669234,0.17197683,0.16712162,0.16214487,0.1570648,0.15189968,0.14666772,0.1413872,0.13607624,0.13075314,0.12543614,0.12014342,0.114893235,0.109703824,0.104593396,0.09958017,0.09468241,0.08991832,0.08530614,0.080864064,0.07661036,0.07256324,0.068740934,0.06516166,0.06184367,0.058805183,0.056064416,0.053639606,0.051548976,0.04981076,0.048443187,0.04753076,0.047129113,0.047213126,0.047757637,0.04873758,0.050127804,0.051903214,0.05403866,0.056509048,0.05928926,0.06235415,0.06567861,0.06923751,0.073005766,0.07695821,0.08106977,0.08531527,0.08966965,0.09410779,0.09860451,0.1031347,0.10767329,0.112195134,0.11667513,0.12108811,0.12540898,0.12961268,0.13367398,0.1375678,0.14126904,0.14475262,0.14799333,0.1509129,0.1534618,0.15565829,0.15752059,0.15906696,0.16031559,0.16128471,0.16199258,0.1624574,0.1626974,0.16273083,0.16257589,0.16225082,0.16177385,0.1611632
0.20348325,0.20448261,0.20532311,0.20597963,0.20642705,0.2066403,0.20659429,0.20626396,0.20562418,0.2046499,0.20331596,0.20159736,0.19946896,0.19690567,0.1938824,0.19037408,0.1863556,0.18197887,0.17742473,0.17271149,0.16785756,0.16288127,0.157801,0.15263505,0.14740181,0.14211962,0.13680683,0.13148183,0.12616295,0.12086852,0.11561692,0.11042651,0.10531563,0.10030263,0.095405884,0.09064372,0.086034484,0.08159659,0.077348314,0.07330808,0.069494195,0.06592502,0.062618926,0.059594247,0.05686934,0.054462586,0.052392304,0.050676856,0.049334608,0.048448507,0.048072565,0.048181675,0.048750747,0.049754713,0.051168464,0.05296692,0.05512498,0.057617582,0.060419608,0.063505985,0.06685161,0.07043138,0.07422028,0.07819313,0.08232491,0.08659048,0.090964764,0.09542268,0.099939145,0.104489066,0.109047316,0.11358886,0.118088625,0.12252146,0.12686227,0.13108604,0.13516761,0.13908193,0.1428039,0.14630844,0.14957044,0.15251009,0.15507653,0.15728818,0.15916333,0.1607203,0.16197756,0.16295338,0.1636661,0.1641341,0.16437577,0.1644094,0.16425341,0.16392611,0.16344583,0.162831
0.20407405,0.20506778,0.20590352,0.20655629,0.20700116,0.20721321,0.20716748,0.20683903,0.2062029,0.2052341,0.20390776,0.20219888,0.20008254,0.19753382,0.19452772,0.1910393,0.18704362,0.18269096,0.17816044,0.17347047,0.16863942,0.16368574,0.1586278,0.153484,0.14827274,0.14301239,0.1377214,0.13241813,0.12712103,0.12184843,0.11661875,0.111450404,0.1063618,0.10137134,0.09649734,0.091758326,0.08717259,0.082758605,0.07853472,0.07451936,0.07073092,0.06718778,0.06390837,0.06091105,0.05821426,0.055836372,0.053795777,0.052110907,0.05080013,0.049944486,0.049596094,0.049730014,0.050321296,0.051344983,0.052776143,0.05458981,0.05676107,0.059264936,0.062076487,0.065170765,0.06852285,0.072107755,0.075900555,0.0798763,0.08401002,0.08827684,0.09265171,0.097109765,0.10162605,0.10617556,0.11073339,0.11527461,0.119774245,0.12420734,0.12854896,0.13277417,0.13685802,0.14077556,0.14450184,0.1480119,0.15128082,0.15422763,0.15680037,0.15901743,0.16089712,0.16245794,0.16371824,0.16469641,0.16541092,0.16588008,0.1661223,0.16615604,0.16599967,0.16567156,0.16519013,0.16457377
0.2045437,0.20552693,0.20635387,0.20699978,0.20743999,0.2076498,0.20760453,0.20727953,0.20665006,0.20569152,0.20437911,0.20268823,0.20059417,0.19807227,0.19509777,0.1916461,0.1876925,0.18338484,0.17889972,0.17425556,0.16947064,0.16456334,0.15955201,0.15445505,0.14929076,0.14407754,0.13883369,0.13357764,0.12832768,0.12310222,0.117919564,0.11279809,0.10775618,0.10281217,0.09798443,0.093291305,0.08875114,0.084382296,0.08020316,0.076232046,0.07248734,0.06898739,0.06575054,0.062795185,0.060139626,0.05780226,0.055801433,0.05415549,0.052882817,0.05206206,0.051743235,0.051901635,0.05251256,0.053551376,0.05499336,0.05681385,0.05898812,0.06149154,0.06429939,0.067387015,0.07072968,0.07430275,0.07808153,0.082041316,0.08615744,0.09040522,0.09475996,0.099196985,0.103691615,0.10821915,0.1127549,0.1172742,0.12175237,0.1261647,0.13048653,0.13469316,0.13875993,0.14266214,0.14637506,0.14987409,0.1531345,0.15607461,0.15864147,0.16085346,0.16272888,0.16428612,0.16554357,0.16651952,0.16723238,0.16770048,0.16794215,0.16797581,0.16781978,0.16749242,0.1670121,0.16639715
0.20488366,0.20585132,0.20666514,0.20730083,0.20773403,0.20794053,0.207896,0.20757613,0.20695664,0.20601325,0.20472166,0.20305756,0.2009967,0.19851473,0.19558741,0.19219038,0.18829942,0.18405923,0.17964289,0.17506862,0.17035463,0.16551916,0.16058049,0.15555674,0.15046619,0.14532705,0.1401575,0.1349759,0.12980026,0.12464899,0.119540185,0.11449218,0.10952311,0.104651205,0.09989473,0.09527188,0.09080085,0.08649993,0.08238727,0.078481145,0.07479975,0.0713613,0.06818405,0.0652862,0.06268597,0.06040158,0.058451265,0.05685323,0.055625726,0.05484461,0.054557476,0.054739997,0.055367902,0.056416888,0.05786267,0.059680942,0.06184742,0.064337805,0.06712782,0.070193134,0.0735095,0.077052586,0.08079813,0.08472183,0.08879937,0.09300648,0.09731887,0.10171224,0.106162295,0.11064472,0.11513523,0.119609594,0.124043435,0.12841251,0.13269249,0.1368591,0.14088808,0.1447551,0.14843585,0.15190606,0.15514144,0.15806,0.16060801,0.16280375,0.16466542,0.16621123,0.16745944,0.16842821,0.16913582,0.16960047,0.16984043,0.16987382,0.16971894,0.16939399,0.16891716,0.16830677
0.20508541,0.20603207,0.20682822,0.20745008,0.2078739,0.2080759,0.20803232,0.20771942,0.20711339,0.2061905,0.204927,0.20329909,0.20128298,0.19885498,0.19599128,0.19266808,0.18886171,0.18471283,0.18039009,0.17591141,0.17129485,0.16655836,0.16171996,0.15679759,0.15180926,0.14677297,0.1417067,0.13662843,0.13155618,0.12650788,0.121501595,0.116555214,0.111686826,0.10691438,0.10225583,0.09772921,0.09335248,0.089143656,0.08512071,0.08130161,0.077704385,0.07434699,0.07124744,0.06842369,0.06589377,0.06367564,0.061787296,0.06024672,0.059071906,0.058335505,0.05808232,0.058288597,0.05893058,0.0599845,0.061426576,0.06323305,0.065380156,0.067844145,0.07060123,0.07362765,0.07689965,0.080393456,0.08408531,0.08795142,0.091968074,0.09611145,0.10035784,0.10468343,0.109064475,0.1134772,0.11789784,0.12230264,0.12666784,0.13096966,0.13518435,0.13928813,0.14325723,0.14706793,0.15069641,0.15411891,0.1573117,0.1601928,0.16270818,0.16487576,0.16671355,0.16823953,0.16947176,0.17042813,0.1711267,0.17158535,0.1718222,0.17185515,0.17170228,0.1713815,0.17091082,0.17030819
0.20514062,0.20606045,0.20683405,0.20743826,0.20785008,0.20804639,0.20800403,0.20769998,0.20711114,0.20621441,0.2049867,0.2034049,0.20144595,0.19908671,0.19630416,0.19307515,0.18937662,0.18534441,0.18114161,0.17678583,0.17229474,0.167686,0.16297725,0.1581861,0.15333025,0.14842734,0.143495,0.13855092,0.1336127,0.12869802,0.12382453,0.11900984,0.114271656,0.10962761,0.10509535,0.1006925,0.09643676,0.092345715,0.08843706,0.08472846,0.08123751,0.077981904,0.074979275,0.07224727,0.06980354,0.06766575,0.065851524,0.06437854,0.063264415,0.06257808,0.062361278,0.062590934,0.06324394,0.064297184,0.06572762,0.0675121,0.0696276,0.07205097,0.07475912,0.077729,0.080937505,0.08436151,0.08797797,0.09176375,0.09569579,0.09975099,0.103906244,0.10813847,0.11242458,0.11674148,0.121066086,0.1253753,0.129646,0.13385513,0.13797961,0.14199632,0.14588217,0.14961407,0.15316895,0.15652367,0.15965521,0.1624821,0.16495012,0.16707692,0.16888012,0.17037739,0.17158641,0.1725248,0.17321016,0.17366025,0.17389262,0.17392498,0.17377496,0.17346022,0.17299837,0.17240712
0.20504078,0.20592768,0.20667355,0.20725614,0.20765321,0.20784244,0.20780161,0.20750849,0.20694074,0.20607612,0.20489235,0.20336726,0.20147845,0.19920373,0.19652084,0.19340749,0.18984142,0.1859527,0.18189773,0.17769367,0.17335775,0.16890718,0.16435911,0.15973079,0.15503944,0.15030216,0.14553623,0.14075884,0.13598719,0.13123846,0.12652989,0.12187862,0.117301896,0.112816915,0.10844087,0.10419095,0.10008437,0.09613831,0.09237001,0.08879664,0.0854354,0.08230348,0.079418115,0.07679647,0.074455775,0.072413206,0.07068597,0.06929127,0.06824632,0.06761573,0.06743788,0.06769048,0.06835125,0.069397956,0.07080831,0.07256005,0.07463094,0.07699867,0.07964102,0.08253568,0.085660435,0.088992976,0.09251105,0.09619242,0.10001478,0.1039559,0.10799349,0.1121053,0.11626907,0.1204625,0.1246634,0.12884939,0.13299835,0.13708787,0.14109576,0.14499979,0.14877762,0.15240702,0.15586576,0.1591315,0.16218202,0.16493692,0.16734205,0.16941468,0.17117198,0.17263111,0.17380932,0.17472379,0.17539172,0.17583033,0.17605682,0.17608833,0.17594214,0.17563538,0.17518532,0.17460911
0.20477746,0.20562497,0.20633769,0.20689437,0.20727378,0.20745462,0.20741563,0.20713548,0.20659296,0.20576677,0.20463562,0.20317826,0.20137337,0.19919972,0.19663602,0.193661,0.19025338,0.18653642,0.18265866,0.17863673,0.17448732,0.17022699,0.16587241,0.16144021,0.156947,0.15240945,0.14784418,0.14326783,0.138697,0.13414837,0.12963854,0.12518416,0.12080186,0.116508275,0.11232001,0.10825373,0.104326084,0.100553684,0.09695316,0.09354114,0.090334274,0.08734919,0.084602505,0.08211089,0.07989095,0.07795933,0.07633265,0.07502755,0.07406067,0.073491834,0.0733556,0.073630705,0.07429585,0.07532976,0.07671119,0.078418836,0.08043144,0.0827277,0.08528637,0.08808616,0.09110579,0.09432399,0.097719505,0.10127104,0.104957305,0.10875704,0.11264896,0.11661182,0.12062431,0.12466516,0.12871313,0.13274689,0.13674521,0.1406868,0.14455035,0.14831461,0.15195835,0.15546022,0.15879901,0.16195339,0.16490208,0.16756624,0.16989216,0.1718965,0.17359592,0.17500697,0.17614636,0.17703074,0.1776767,0.17810082,0.17831981,0.17835034,0.17820893,0.17791231,0.17747706,0.17691985
0.20434214,0.20514342,0.20581731,0.2063437,0.20670241,0.2068734,0.20683652,0.20657167,0.2060587,0.20527753,0.20420805,0.2028301,0.20112361,0.19906847,0.1966445,0.19383165,0.19060975,0.18709429,0.18342468,0.17961691,0.17568688,0.17165056,0.1675239,0.16332285,0.15906332,0.15476127,0.15043266,0.14609341,0.14175949,0.13744682,0.13317133,0.12894902,0.12479578,0.120727584,0.11676036,0.11291007,0.10919264,0.10562402,0.10222014,0.09899697,0.09597044,0.09315649,0.09057107,0.08823013,0.0861496,0.08434544,0.08283357,0.081629954,0.08075054,0.08024974,0.080157965,0.0804551,0.081121035,0.08213563,0.083478786,0.085130386,0.087070316,0.08927846,0.09173468,0.0944189,0.097310975,0.10039079,0.10363825,0.107033215,0.11055559,0.114185244,0.117902055,0.121685944,0.12551677,0.1293744,0.13323873,0.13708965,0.14090706,0.14467083,0.14836083,0.15195696,0.1554391,0.15878713,0.16198094,0.16500041,0.16782545,0.17037912,0.17260861,0.17452987,0.17615877,0.17751135,0.17860352,0.17945121,0.18007036,0.18047692,0.18068686,0.18071608,0.18058057,0.18029621,0.17987902,0.1793449
0.20376149,0.20451266,0.20514433,0.20563772,0.20597403,0.2061343,0.20609973,0.20585145,0.20537062,0.20463835,0.20363578,0.20234407,0.20074439,0.19881785,0.19654562,0.19390883,0.19088857,0.18759196,0.18414865,0.18057382,0.1768827,0.1730904,0.16921213,0.16526306,0.16125832,0.15721315,0.15314268,0.14906208,0.14498655,0.14093126,0.13691136,0.13294208,0.1290385,0.12521587,0.12148932,0.11787404,0.114385225,0.11103803,0.10784761,0.104829155,0.101997845,0.099368855,0.09695735,0.094778515,0.09284749,0.091179475,0.08978963,0.088693164,0.08790521,0.08747458,0.08742735,0.08774472,0.08840778,0.08939769,0.0906956,0.09228265,0.09413997,0.09624873,0.09859005,0.10114509,0.103894964,0.106820844,0.10990387,0.11312516,0.1164659,0.119907215,0.1234302,0.12701608,0.13064595,0.13430095,0.13796225,0.14161098,0.14522828,0.14879528,0.15229316,0.15570302,0.15900604,0.16218334,0.1652161,0.16808541,0.17077242,0.17320271,0.17532447,0.17715283,0.1787031,0.17999026,0.18102966,0.1818364,0.18242563,0.18281256,0.18301232,0.18304014,0.18291117,0.18264058,0.18224353,0.18173523
0.20307131,0.20377143,0.20436022,0.20482013,0.20513359,0.20528293,0.20525071,0.20501931,0.20457114,0.2038886,0.20295413,0.2017502,0.20025916,0.19846347,0.19634555,0.19388784,0.19107278,0.18799888,0.1847861,0.18144879,0.1780013,0.17445804,0.17083332,0.16714154,0.1633971,0.1596143,0.15580755,0.15199125,0.14817975,0.14438738,0.14062855,0.13691762,0.13326897,0.12969697,0.12621593,0.12284028,0.11958439,0.11646262,0.11348934,0.110678904,0.10804569,0.10560405,0.10336843,0.10135312,0.09957251,0.09804098,0.096772864,0.0957826,0.095084496,0.094721824,0.094716534,0.095051065,0.09570779,0.09666918,0.09791764,0.0994356,0.10120549,0.103209734,0.105430715,0.107850924,0.110452734,0.11321859,0.11613092,0.119172126,0.12232467,0.12557092,0.12889336,0.13227436,0.13569638,0.13914181,0.14259319,0.14603277,0.14944309,0.1528065,0.15610552,0.15932249,0.16243985,0.16544007,0.1683055,0.17101865,0.17356187,0.17586344,0.17787275,0.17960432,0.1810724,0.18229145,0.18327576,0.18403976,0.18459776,0.18496417,0.1851534,0.18517973,0.18505761,0.18480131,0.18442531,0.18394394
0.20227696,0.20292526,0.20347047,0.2038963,0.20418653,0.20432486,0.20429501,0.20408075,0.2036657,0.20303375,0.2021685,0.2010537,0.19967309,0.19801036,0.19604933,0.19377363,0.19116701,0.1883196,0.18534134,0.18224576,0.17904645,0.17575695,0.17239074,0.16896133,0.16548231,0.16196722,0.15842958,0.15488286,0.1513407,0.14781657,0.14432403,0.14087659,0.13748778,0.13417122,0.13094032,0.12780866,0.12478983,0.12189728,0.1191446,0.11654531,0.11411294,0.111861005,0.10980308,0.10795268,0.106323324,0.10492855,0.10378194,0.10289696,0.10228719,0.10199038,0.10202452,0.10237328,0.10302041,0.10394961,0.105144635,0.10658921,0.10826705,0.110161886,0.11225741,0.1145374,0.116985574,0.11958561,0.122321285,0.1251763,0.12813437,0.13117929,0.1342947,0.13746431,0.14067195,0.14390129,0.14713605,0.15035994,0.15355672,0.1567101,0.1598038,0.16282156,0.16574709,0.16856413,0.17125642,0.17380765,0.17620155,0.17836927,0.18026178,0.18189265,0.18327537,0.18442354,0.18535063,0.18607022,0.18659575,0.18694085,0.18711905,0.18714388,0.1870288,0.18678749,0.18643337,0.18597998
0.20138392,0.20197955,0.20248048,0.20287177,0.20313841,0.20326552,0.2032381,0.20304123,0.2026599,0.20207922,0.20128423,0.20025995,0.19899143,0.19746375,0.19566187,0.1935709,0.19117594,0.18855847,0.18581857,0.18296887,0.18002205,0.17699075,0.17388767,0.17072548,0.16751681,0.16427438,0.16101083,0.15773885,0.15447108,0.15122022,0.14799888,0.14481978,0.14169562,0.13863899,0.13566257,0.13277909,0.13000117,0.12734148,0.124812715,0.12242752,0.12019857,0.11813854,0.11626011,0.11457589,0.113098614,0.11184092,0.110815495,0.11003498,0.10951205,0.10927917,0.10935033,0.10971056,0.11034496,0.11123853,0.11237634,0.11374343,0.11532484,0.11710565,0.11907086,0.12120556,0.12349475,0.12592353,0.12847686,0.1311399,0.13389765,0.13673513,0.1396374,0.1425895,0.14557655,0.14858346,0.15159543,0.15459736,0.15757443,0.16051161,0.1633939,0.16620648,0.16893429,0.17156245,0.17407592,0.17645983,0.17869921,0.18072827,0.18249977,0.18402632,0.1853206,0.18639533,0.18726313,0.18793666,0.18842864,0.18875167,0.18891849,0.18894169,0.18883403,0.18860812,0.1882766,0.1878522
0.20039752,0.20093976,0.2013958,0.20175202,0.20199478,0.2021105,0.20208552,0.20190631,0.20155916,0.2010305,0.20030671,0.19937421,0.19821937,0.19682856,0.19518818,0.19328459,0.1911042,0.18872008,0.18622208,0.18362206,0.18093176,0.17816293,0.17532742,0.172437,0.16950335,0.16653831,0.16355367,0.16056117,0.15757257,0.15459967,0.15165427,0.14874811,0.14589298,0.14310063,0.14038286,0.13775143,0.13521814,0.13279475,0.130493,0.12832472,0.12630163,0.12443556,0.12273824,0.12122149,0.11989702,0.11877667,0.11787219,0.11719534,0.11675791,0.11658703,0.116692975,0.1170621,0.117680795,0.118535474,0.11961248,0.12089825,0.122379124,0.124041505,0.12587178,0.12785636,0.12998156,0.13223384,0.1345996,0.13706516,0.13961695,0.14224131,0.1449247,0.14765345,0.15041399,0.15319262,0.15597583,0.15874998,0.16150141,0.16421653,0.16688174,0.16948347,0.172008,0.17444183,0.17677125,0.17898268,0.18106255,0.18294843,0.18459493,0.18601376,0.18721671,0.18821557,0.18902214,0.18964814,0.19010541,0.19040568,0.19056068,0.19058226,0.19048218,0.19027218,0.18996409,0.18956967
0.1993231,0.19981125,0.2002219,0.20054254,0.2007611,0.20086525,0.20084277,0.20068145,0.2003689,0.199893,0.19924138,0.19840184,0.19736217,0.19611003,0.19463322,0.19291946,0.19095647,0.18880874,0.18655606,0.18420939,0.18177943,0.17927712,0.17671333,0.17409894,0.17144465,0.16876149,0.16606024,0.16335173,0.16064681,0.1579564,0.15529132,0.1526624,0.1500805,0.14755651,0.14510125,0.14272559,0.14044037,0.13825648,0.13618472,0.13423598,0.13242109,0.13075092,0.12923633,0.12788814,0.12671725,0.1257345,0.124950714,0.124376774,0.12402352,0.12391292,0.12405152,0.12442708,0.1250273,0.12583998,0.12685281,0.1280536,0.12943003,0.13096988,0.13266088,0.1344908,0.13644734,0.13851827,0.14069133,0.14295428,0.14529483,0.14770074,0.15015978,0.15265965,0.15518816,0.15773296,0.1602819,0.1628226,0.16534294,0.16783057,0.17027326,0.17265874,0.17497483,0.17720915,0.17934953,0.18138368,0.18329938,0.1850378,0.18655549,0.18786338,0.18897228,0.18989304,0.19063649,0.19121356,0.19163504,0.1919118,0.19205473,0.19207461,0.19198237,0.19178881,0.1915048,0.19114119
0.19816609,0.19859955,0.19896409,0.19924887,0.19944288,0.1995354,0.19951543,0.19937217,0.1990947,0.19867209,0.19809356,0.19734813,0.19642498,0.19531323,0.19400193,0.19248031,0.19073738,0.188829,0.18682486,0.18473487,0.18256888,0.18033688,0.17804871,0.1757143,0.17334358,0.17094643,0.16853273,0.16611248,0.16369551,0.16129176,0.15891112,0.1565635,0.15425882,0.152007,0.1498179,0.14770147,0.14566758,0.1437262,0.14188716,0.14016046,0.13855593,0.13708352,0.13575307,0.13457459,0.13355795,0.132713,0.13204971,0.13157797,0.13130769,0.1312557,0.13142498,0.13180466,0.13238381,0.13315158,0.1340971,0.1352095,0.13647784,0.13789125,0.1394389,0.14110988,0.14289333,0.14477833,0.14675398,0.14880948,0.15093386,0.15311629,0.15534586,0.15761173,0.15990296,0.16220872,0.16451807,0.16682024,0.16910422,0.17135918,0.17357427,0.17573854,0.1778412,0.17987128,0.18181793,0.18367025,0.18541743,0.18700433,0.18838976,0.18958367,0.1905959,0.19143641,0.1921151,0.19264185,0.19302662,0.19327924,0.1934097,0.19342788,0.19334365,0.19316699,0.19290772,0.19257581
0.1969319,0.19731,0.19762804,0.19787644,0.19804572,0.19812639,0.19810896,0.19798398,0.19774194,0.1973733,0.19686861,0.19621837,0.19541308,0.19444323,0.19329941,0.19197202,0.19045159,0.18878534,0.1870327,0.18520252,0.18330391,0.18134566,0.17933676,0.17728618,0.17520279,0.17309558,0.17097345,0.1688454,0.16672032,0.16460712,0.16251482,0.1604523,0.1584285,0.15645239,0.15453285,0.15267894,0.15089944,0.14920339,0.14759968,0.1460973,0.14470518,0.1434322,0.14228734,0.14127955,0.14041774,0.13971086,0.13916788,0.13879766,0.13860922,0.13861428,0.13881238,0.139194,0.13974963,0.14046983,0.14134504,0.14236583,0.14352268,0.14480609,0.14620659,0.14771466,0.14932083,0.15101556,0.15278944,0.15463293,0.15653652,0.15849075,0.1604861,0.1625131,0.16456227,0.16662407,0.16868901,0.17074767,0.1727905,0.174808,0.17679073,0.17872912,0.18061373,0.18243505,0.18418363,0.1858499,0.18742442,0.18885607,0.19010593,0.19118297,0.1920962,0.19285445,0.19346674,0.19394195,0.19428904,0.19451699,0.19463468,0.19465107,0.19457509,0.19441567,0.19418183,0.19388235
0.19562587,0.1959481,0.1962191,0.19643073,0.196575,0.19664374,0.19662894,0.19652241,0.19631612,0.19600204,0.19557196,0.19501787,0.19433162,0.19350523,0.19253047,0.19139937,0.19010377,0.18868218,0.18718378,0.18561648,0.18398827,0.1823071,0.18058085,0.17881757,0.1770251,0.1752115,0.1733846,0.1715524,0.16972288,0.16790393,0.16610353,0.16432962,0.16259015,0.16089307,0.15924633,0.15765785,0.15613562,0.15468752,0.15332158,0.15204567,0.15086778,0.14979587,0.14883786,0.14800169,0.14729534,0.14672674,0.14630383,0.14603455,0.14592686,0.14598756,0.14621273,0.14659429,0.14712416,0.14779422,0.14859639,0.14952262,0.1505648,0.15171485,0.1529646,0.15430607,0.1557311,0.15723166,0.15879962,0.16042688,0.1621054,0.16382702,0.16558373,0.16736738,0.16916992,0.17098324,0.17279926,0.17460985,0.176407,0.1781826,0.17992851,0.18163665,0.18329896,0.18490739,0.18645379,0.18793003,0.1893281,0.19060096,0.19171222,0.19266981,0.19348176,0.19415592,0.1947003,0.1951228,0.19543143,0.19563408,0.19573872,0.19575328,0.19568573,0.19554399,0.19533607,0.19506983
0.19425346,0.1945192,0.19474271,0.1949173,0.19503629,0.19509299,0.19508083,0.19499296,0.1948228,0.19456367,0.19420895,0.19375189,0.19318588,0.19250421,0.1917002,0.19076724,0.18969856,0.18852401,0.18728238,0.18598068,0.18462582,0.18322471,0.18178429,0.1803115,0.1788133,0.1772966,0.17576835,0.17423545,0.17270485,0.17118354,0.16967839,0.16819637,0.1667444,0.16532943,0.16395834,0.16263817,0.16137576,0.16017807,0.15905206,0.15800464,0.1570428,0.15617336,0.1554034,0.15473977,0.15418942,0.15375927,0.15345627,0.15328735,0.15325946,0.15337443,0.1536251,0.15400474,0.15450673,0.15512437,0.15585096,0.15667987,0.15760443,0.15861791,0.15971375,0.16088514,0.16212551,0.16342816,0.16478638,0.16619356,0.16764298,0.169128,0.1706419,0.17217809,0.17372982,0.17529047,0.1768533,0.1784117,0.17995898,0.18148848,0.18299347,0.1844674,0.1859035,0.1872951,0.18863556,0.18991816,0.19113629,0.19224714,0.19321692,0.19405264,0.1947612,0.19534959,0.19582462,0.19619337,0.19646272,0.19663957,0.1967309,0.19674362,0.19668467,0.19656095,0.19637948,0.19614714
0.19281994,0.1930288,0.19320445,0.19334166,0.19343516,0.1934797,0.1934701,0.19340107,0.19326736,0.19306377,0.192785,0.19242585,0.19198105,0.19144538,0.19081356,0.1900804,0.18924059,0.18831523,0.1873328,0.18629919,0.1852203,0.18410207,0.18295032,0.18177108,0.18057013,0.17935346,0.17812696,0.17689647,0.17566799,0.17444736,0.17324053,0.17205337,0.17089182,0.16976173,0.16866907,0.16761974,0.16661955,0.16567451,0.16479053,0.16397344,0.16322917,0.16256365,0.16198279,0.16149247,0.1610986,0.16080707,0.16062382,0.16055478,0.16060574,0.16077381,0.16104847,0.1614245,0.16189669,0.16245972,0.16310838,0.16383746,0.1646417,0.16551584,0.16645466,0.16745287,0.16850528,0.16960664,0.17075168,0.17193517,0.17315184,0.17439649,0.17566387,0.17694876,0.17824581,0.17954989,0.18085574,0.18215807,0.18345164,0.18473127,0.18599164,0.18722759,0.18843378,0.18960504,0.19073609,0.19182172,0.19285664,0.19380249,0.19462822,0.19533983,0.19594316,0.19644412,0.19684862,0.19716261,0.19739191,0.1975425,0.19762029,0.1976311,0.1975809,0.1974756,0.19732107,0.19712321
0.19133078,0.19148229,0.19160971,0.19170922,0.19177704,0.19180934,0.1918024,0.19175231,0.19165534,0.19150765,0.19130546,0.19104494,0.19072232,0.19033377,0.18987548,0.18934368,0.18873456,0.18806036,0.18733925,0.18657602,0.18577556,0.18494266,0.18408228,0.18319923,0.18229835,0.18138449,0.18046258,0.17953742,0.17861387,0.1776968,0.17679104,0.1759015,0.17503302,0.1741904,0.1733786,0.17260243,0.17186671,0.17117639,0.1705362,0.16995113,0.16942596,0.16896555,0.16857478,0.16825849,0.16802157,0.16786887,0.16780521,0.1678355,0.16796455,0.16818456,0.16848189,0.16885275,0.16929336,0.16979986,0.17036848,0.17099544,0.17167687,0.17240903,0.17318809,0.17401028,0.17487173,0.17576869,0.17669733,0.17765386,0.17863452,0.1796354,0.18065278,0.18168287,0.18272182,0.18376581,0.1848111,0.18585387,0.18689026,0.18791652,0.18892883,0.18992339,0.19089644,0.19184409,0.19276261,0.19364816,0.19449696,0.19527508,0.19595441,0.19653979,0.19703618,0.19744831,0.19778112,0.19803941,0.19822808,0.19835193,0.19841594,0.19842483,0.19838353,0.19829689,0.19816975,0.19800702
0.18979137,0.18988511,0.18996392,0.19002551,0.19006747,0.19008747,0.19008313,0.19005218,0.18999217,0.18990079,0.18977572,0.18961452,0.18941489,0.18917452,0.18889096,0.18856196,0.1881851,0.1877639,0.18730602,0.18681522,0.18629536,0.18575017,0.18518348,0.18459907,0.18400076,0.18339232,0.18277751,0.18216021,0.18154418,0.18093322,0.1803311,0.1797416,0.17916858,0.17861581,0.17808704,0.17758617,0.1771169,0.17668307,0.17628844,0.17593686,0.17563206,0.1753779,0.17517813,0.17503658,0.17495699,0.17494324,0.17499904,0.17512828,0.17533468,0.17560562,0.17592438,0.1762887,0.17669615,0.17714432,0.17763096,0.1781537,0.17871012,0.17929795,0.17991479,0.18055834,0.18122615,0.1819159,0.18262531,0.18335193,0.1840935,0.1848476,0.18561186,0.18638405,0.18716164,0.18794243,0.18872397,0.18950397,0.19027999,0.1910498,0.19181094,0.19256113,0.19329795,0.19401911,0.19472225,0.19540496,0.19606495,0.1966729,0.19720368,0.19766109,0.19804892,0.1983709,0.19863093,0.19883272,0.19898012,0.19907694,0.1991269,0.19913389,0.19910161,0.1990339,0.19893457,0.1988074
0.18820709,0.18824269,0.18827263,0.18829602,0.18831193,0.18831956,0.18831792,0.18830617,0.18828335,0.18824863,0.18820113,0.18813989,0.18806407,0.18797274,0.18786499,0.18774003,0.18759683,0.18743022,0.18723729,0.18702084,0.18678351,0.18652806,0.18625715,0.18597358,0.18568008,0.1853793,0.18507394,0.18476684,0.1844606,0.184158,0.18386175,0.18357453,0.18329914,0.18303825,0.18279456,0.18257083,0.18236977,0.1821941,0.18204652,0.18192977,0.18184656,0.1817996,0.18179165,0.1818254,0.18190357,0.18202887,0.18220404,0.18243177,0.18271483,0.18303582,0.183375,0.18373148,0.18410431,0.18449265,0.18489559,0.18531224,0.18574171,0.18618308,0.18663546,0.18709804,0.18756978,0.18804991,0.18853748,0.18903159,0.18953137,0.1900359,0.19054432,0.1910557,0.19156922,0.19208391,0.19259888,0.19311327,0.19362614,0.19413666,0.1946439,0.19514695,0.19564494,0.19613698,0.19662215,0.19709957,0.19756839,0.19800399,0.1983843,0.19871205,0.1989899,0.19922064,0.19940694,0.19955155,0.19965717,0.1997265,0.19976231,0.19976732,0.1997442,0.19969569,0.19962454,0.1995334
0.18658325,0.18656047,0.18654126,0.18652625,0.18651605,0.18651117,0.1865122,0.18651976,0.18653439,0.18655662,0.1865871,0.18662634,0.18667497,0.18673348,0.18680254,0.18688266,0.18697445,0.18706381,0.1871374,0.18719685,0.18724379,0.18727988,0.18730667,0.18732592,0.1873391,0.18734795,0.18735412,0.18735918,0.1873648,0.1873726,0.18738416,0.1874012,0.18742529,0.1874581,0.18750122,0.18755631,0.18762502,0.18770894,0.18780975,0.187929,0.1880684,0.18822958,0.18841411,0.18862371,0.18885991,0.1891244,0.1894188,0.18974479,0.1901039,0.19047417,0.19083273,0.19118029,0.1915173,0.19184439,0.19216208,0.19247106,0.19277176,0.19306485,0.19335085,0.19363038,0.19390398,0.19417222,0.19443572,0.194695,0.19495064,0.19520323,0.19545332,0.19570154,0.1959484,0.19619447,0.19644041,0.19668667,0.19693393,0.19718273,0.19743358,0.1976871,0.1979439,0.19820453,0.19846952,0.1987395,0.199015,0.19927634,0.19950452,0.19970112,0.19986781,0.20000626,0.20011802,0.20020479,0.20026815,0.20030972,0.20033121,0.2003342,0.20032036,0.20029125,0.20024854,0.2001939
0.18492535,0.18484384,0.18477525,0.1847217,0.1846852,0.18466781,0.18467158,0.18469849,0.1847507,0.18483019,0.18493901,0.1850792,0.18525283,0.18546195,0.18570858,0.18599477,0.18632261,0.18666917,0.18701057,0.18734732,0.18768002,0.18800919,0.1883353,0.18865895,0.18898064,0.18930085,0.18962024,0.18993923,0.19025844,0.19057833,0.19089949,0.1912224,0.19154763,0.19187571,0.19220714,0.19254251,0.19288233,0.1932271,0.1935774,0.19393373,0.19429664,0.19466665,0.19504432,0.19543014,0.19582471,0.19622849,0.19664204,0.1970659,0.19750065,0.19791944,0.19829665,0.19863428,0.19893439,0.19919904,0.19943023,0.19963005,0.19980054,0.19994372,0.20006166,0.20015644,0.20023003,0.20028451,0.20032197,0.20034438,0.20035388,0.20035242,0.20034209,0.20032495,0.20030306,0.20027842,0.20025307,0.20022911,0.20020856,0.20019348,0.20018588,0.20018785,0.2002014,0.2002286,0.20027152,0.20033213,0.20041257,0.20049796,0.20057254,0.20063677,0.20069124,0.20073651,0.20077302,0.20080137,0.20082207,0.20083565,0.20084271,0.20084365,0.20083913,0.20082961,0.20081568,0.20079781
0.18323871,0.18309829,0.1829801,0.18288787,0.18282497,0.18279499,0.18280146,0.18284789,0.18293782,0.18307476,0.18326223,0.18350378,0.18380289,0.18416317,0.18458807,0.18508117,0.18564594,0.18625076,0.18686105,0.18747635,0.18809603,0.18871959,0.18934636,0.18997581,0.19060735,0.19124043,0.1918745,0.19250892,0.19314317,0.19377665,0.19440877,0.19503903,0.19566676,0.19629145,0.19691247,0.19752929,0.19814132,0.19874802,0.19934879,0.19994304,0.2005302,0.20110974,0.20168105,0.2022435,0.20279661,0.20333977,0.20387243,0.20439395,0.20490381,0.20537063,0.20576577,0.20609272,0.20635498,0.20655616,0.20669976,0.20678926,0.2068282,0.20682013,0.20676862,0.20667711,0.2065492,0.20638831,0.20619807,0.20598197,0.20574357,0.20548633,0.2052138,0.2049295,0.20463704,0.20433985,0.20404145,0.2037454,0.2034553,0.20317456,0.20290674,0.20265536,0.20242397,0.20221612,0.20203528,0.20188501,0.20176882,0.20167689,0.20159662,0.20152746,0.20146878,0.2014201,0.20138077,0.20135027,0.20132796,0.2013133,0.20130576,0.20130469,0.20130958,0.20131983,0.20133483,0.20135409
0.18152873,0.18132915,0.18116131,0.18103017,0.18094084,0.18089826,0.18090746,0.18097343,0.18110117,0.18129577,0.18156211,0.18190534,0.18233037,0.18284228,0.18344602,0.18414663,0.18494911,0.18581294,0.18669309,0.18758784,0.18849555,0.18941455,0.19034311,0.19127953,0.19222212,0.19316925,0.19411916,0.1950702,0.19602066,0.19696891,0.19791323,0.19885191,0.19978328,0.20070563,0.20161729,0.20251654,0.20340177,0.20427121,0.20512322,0.20595607,0.20676811,0.20755763,0.20832297,0.20906243,0.20977432,0.21045694,0.2111085,0.21172756,0.21231225,0.21282658,0.21323904,0.21355465,0.21377839,0.21391524,0.21397035,0.21394859,0.21385498,0.2136946,0.21347244,0.21319348,0.2128627,0.21248518,0.21206596,0.21160997,0.21112226,0.21060783,0.21007162,0.20951879,0.20895424,0.20838302,0.2078101,0.20724054,0.20667931,0.20613146,0.20560199,0.20509589,0.2046182,0.20417388,0.20376801,0.20340554,0.20309149,0.20282108,0.202585,0.20238155,0.20220904,0.2020658,0.20195013,0.2018604,0.20179482,0.20175177,0.20172952,0.20172645,0.20174077,0.20177089,0.20181508,0.20187162
0.17980076,0.17954195,0.17932424,0.17915425,0.17903836,0.17898314,0.17899501,0.17908058,0.1792463,0.17949864,0.1798441,0.18028922,0.18084046,0.18150435,0.18228737,0.18319601,0.18423678,0.18536025,0.18651094,0.18768594,0.18888244,0.19009769,0.19132882,0.19257312,0.19382766,0.19508968,0.19635639,0.19762503,0.19889267,0.2001566,0.20141393,0.20266196,0.20389779,0.20511866,0.20632169,0.2075042,0.20866325,0.20979619,0.2109,0.21197197,0.21300939,0.21400934,0.21496901,0.2158857,0.21675646,0.21757856,0.21834919,0.21906549,0.21972471,0.22028619,0.22071563,0.22101936,0.22120395,0.22127596,0.2212418,0.221108,0.22088112,0.22056754,0.22017385,0.21970649,0.21917196,0.21857686,0.21792753,0.2172306,0.21649252,0.21571977,0.21491879,0.21409626,0.21325849,0.21241216,0.21156356,0.21071935,0.20988593,0.20906986,0.2082776,0.2075157,0.2067906,0.2061088,0.20547685,0.20490117,0.20438834,0.20393857,0.20354588,0.2032075,0.20292062,0.20268239,0.20249002,0.20234072,0.20223166,0.20216006,0.20212308,0.20211795,0.2021418,0.20219189,0.20226535,0.20235945
0.17806026,0.17774208,0.17747448,0.17726545,0.17712298,0.17705508,0.17706971,0.17717491,0.1773786,0.17768884,0.17811354,0.17866074,0.17933841,0.1801545,0.18111712,0.18223414,0.18351355,0.18489723,0.18631886,0.18777457,0.18926048,0.19077253,0.19230689,0.1938596,0.19542672,0.19700436,0.19858848,0.20017529,0.20176072,0.20334099,0.20491204,0.20646998,0.2080109,0.20953083,0.21102585,0.21249205,0.21392553,0.21532224,0.21667838,0.21798992,0.219253,0.22046366,0.22161797,0.22271192,0.2237417,0.22470334,0.22559284,0.2264064,0.22713998,0.22774842,0.22819436,0.22848599,0.22863108,0.22863768,0.22851388,0.22826755,0.22790673,0.22743939,0.22687355,0.2262172,0.22547825,0.2246647,0.2237847,0.22284606,0.22185685,0.22082503,0.21975859,0.21866553,0.21755381,0.21643142,0.2153064,0.21418673,0.2130803,0.21199524,0.21093947,0.20992093,0.20894767,0.20802769,0.20716894,0.20637941,0.20566712,0.20503739,0.20448758,0.2040138,0.20361212,0.20327857,0.20300923,0.2028002,0.2026475,0.20254725,0.20249547,0.20248826,0.2025217,0.20259179,0.20269468,0.2028264
0.1763126,0.17593496,0.1756174,0.17536937,0.17520028,0.1751197,0.17513709,0.17526191,0.17550363,0.17587177,0.17637579,0.17702517,0.17782937,0.17879789,0.1799402,0.18126582,0.18278418,0.18442819,0.1861211,0.18785787,0.1896334,0.19144265,0.19328053,0.19514206,0.1970221,0.19891565,0.20081761,0.20272297,0.20462659,0.20652354,0.20840861,0.21027687,0.21212317,0.21394256,0.2157299,0.21748014,0.21918821,0.2208491,0.2224577,0.22400904,0.22549793,0.22691946,0.22826844,0.22953993,0.23072873,0.23182994,0.23283835,0.23374906,0.23455688,0.23521209,0.2356745,0.23595369,0.23605904,0.23600009,0.23578629,0.23542713,0.23493208,0.23431066,0.23357233,0.23272651,0.23178276,0.23075056,0.22963935,0.22845858,0.22721781,0.22592649,0.22459407,0.22323003,0.2218439,0.2204451,0.21904314,0.21764754,0.21626773,0.21491322,0.21359341,0.21231787,0.21109603,0.20993744,0.20885149,0.2078477,0.20693558,0.2061255,0.20541824,0.20480885,0.20429212,0.20386304,0.2035166,0.2032477,0.20305133,0.20292234,0.20285574,0.20284644,0.20288949,0.20297968,0.20311202,0.20328143
0.1745631,0.17412603,0.17375848,0.17347139,0.17327574,0.17318249,0.17320259,0.17334706,0.17362684,0.17405291,0.17463624,0.17538783,0.17631859,0.17743957,0.17876165,0.18029588,0.18205322,0.18395771,0.18592195,0.18793981,0.19000508,0.1921116,0.1942531,0.19642346,0.19861655,0.20082612,0.20304596,0.20526999,0.20749186,0.20970555,0.2119048,0.21408348,0.2162353,0.21835417,0.22043388,0.22246818,0.22445099,0.2263761,0.2282373,0.2300284,0.23174322,0.23337564,0.23491935,0.23636831,0.23771621,0.23895693,0.2400843,0.24109216,0.24197419,0.24267612,0.24315493,0.24342167,0.24348721,0.24336259,0.24305879,0.24258669,0.24195735,0.24118176,0.2402708,0.23923554,0.23808686,0.23683584,0.23549332,0.23407038,0.23257792,0.23102698,0.22942847,0.22779335,0.22613272,0.22445737,0.22277845,0.22110678,0.21945338,0.21782932,0.21624541,0.21471277,0.21324225,0.2118449,0.21053165,0.2093135,0.20820141,0.20721096,0.20634623,0.20560108,0.20496927,0.20444465,0.20402107,0.20369226,0.20345211,0.20329443,0.203213,0.20320168,0.20325425,0.20336452,0.20352636,0.20373353
0.1728172,0.17232075,0.17190322,0.17157713,0.17135485,0.17124891,0.17127179,0.17143588,0.17175369,0.17223768,0.1729003,0.173754,0.17481132,0.17608461,0.17758644,0.1793292,0.18132538,0.18349019,0.18572563,0.18802442,0.1903793,0.19278288,0.19522785,0.19770694,0.20021287,0.20273826,0.20527583,0.20781828,0.2103583,0.21288858,0.21540181,0.21789062,0.22034779,0.222766,0.22513789,0.22745618,0.22971357,0.23190276,0.23401642,0.2360472,0.23798786,0.23983102,0.24156947,0.24319583,0.2447028,0.24608308,0.24732938,0.24843432,0.24939069,0.25013942,0.25063476,0.25088906,0.25091493,0.2507248,0.2503311,0.24974628,0.24898279,0.24805318,0.24696982,0.24574523,0.24439184,0.24292219,0.24134856,0.23968361,0.23793975,0.23612936,0.234265,0.23235907,0.2304241,0.22847247,0.22651672,0.22456923,0.22264256,0.2207491,0.21890137,0.21711178,0.21539281,0.21375696,0.21221659,0.21078429,0.20947245,0.20830175,0.20727968,0.2063989,0.20565215,0.20503208,0.20453139,0.2041428,0.20385893,0.20367254,0.20357633,0.20356293,0.20362507,0.20375542,0.20394665,0.20419149
0.17108029,0.1705245,0.1700571,0.169692,0.16944319,0.16932459,0.16935016,0.16953386,0.16988967,0.1704315,0.17117329,0.17212906,0.17331271,0.17473821,0.1764195,0.17837054,0.18060529,0.18303008,0.18553641,0.1881158,0.19075981,0.19346008,0.1962081,0.19899549,0.20181377,0.20465456,0.20750941,0.21036983,0.21322748,0.21607389,0.2189006,0.22169924,0.22446132,0.22717845,0.22984213,0.23244403,0.23497564,0.23742858,0.2397943,0.24206454,0.24423079,0.2462846,0.24821758,0.25002125,0.2516872,0.253207,0.2545722,0.2557744,0.25680515,0.25760093,0.2581129,0.25835514,0.25834167,0.25808626,0.25760296,0.25690576,0.25600857,0.25492534,0.25366998,0.25225657,0.25069892,0.24901114,0.247207,0.24530056,0.2433058,0.24123658,0.23910685,0.23693071,0.23472196,0.23249458,0.23026259,0.22803989,0.22584048,0.2236782,0.22156715,0.21952116,0.21755429,0.21568039,0.21391349,0.2122675,0.21075639,0.20940591,0.20822683,0.20721084,0.20634937,0.20563407,0.20505649,0.20460822,0.2042808,0.20406574,0.20395476,0.20393927,0.204011,0.20416136,0.20438196,0.20466444
0.16935775,0.16874275,0.16822553,0.16782153,0.1675462,0.16741495,0.16744328,0.16764654,0.16804026,0.16863981,0.16946067,0.17051825,0.17182803,0.17340538,0.17526582,0.17742473,0.17989758,0.18258189,0.18535852,0.18821791,0.1911505,0.19414678,0.19719715,0.20029213,0.20342207,0.2065775,0.20974885,0.21292657,0.21610112,0.2192629,0.22240244,0.22551014,0.2285764,0.23159182,0.23454668,0.23743154,0.2402368,0.24295291,0.24557038,0.24807961,0.25047106,0.25273514,0.25486243,0.25684318,0.25866798,0.26032728,0.26181147,0.263111,0.2642164,0.26505935,0.26558846,0.265819,0.26576653,0.26544642,0.2648742,0.26406515,0.2630349,0.26179874,0.2603721,0.25877059,0.2570095,0.25510433,0.25307047,0.2509234,0.24867854,0.24635139,0.24395727,0.24151172,0.2390301,0.23652792,0.23402059,0.23152353,0.22905226,0.22662216,0.22424865,0.2219472,0.21973321,0.21762216,0.21562952,0.21377061,0.21206099,0.2105314,0.209196,0.20804527,0.20706955,0.2062594,0.20560522,0.20509747,0.20472662,0.20448309,0.20435737,0.20433986,0.20442106,0.20459133,0.20484124,0.20516117
0.16765495,0.16698086,0.16641398,0.16597119,0.16566943,0.1655256,0.16555661,0.16577941,0.16621089,0.16686806,0.16776773,0.16892688,0.17036243,0.17209129,0.17413038,0.17649664,0.17920697,0.18215007,0.18519622,0.18833481,0.19155508,0.19484648,0.19819829,0.20159985,0.20504051,0.20850962,0.21199648,0.21549046,0.21898085,0.222457,0.22590838,0.22932415,0.23269375,0.23600647,0.23925166,0.24241866,0.2454968,0.24847542,0.2513439,0.2540915,0.25670767,0.2591816,0.26150277,0.2636604,0.26564392,0.26744264,0.26904586,0.27044293,0.27162322,0.27251384,0.27306044,0.27327988,0.27318907,0.27280498,0.27214447,0.27122447,0.27006197,0.26867378,0.26707694,0.2652883,0.2633248,0.26120335,0.25894088,0.2565544,0.25406066,0.25147665,0.2488194,0.24610569,0.24335249,0.24057673,0.23779532,0.23502524,0.23228331,0.22958653,0.22695181,0.22439604,0.22193612,0.2195891,0.21737175,0.21530108,0.213394,0.21168628,0.21019538,0.20891058,0.20782126,0.20691676,0.20618643,0.20561953,0.2052055,0.20493364,0.20479323,0.20477368,0.20486431,0.20505445,0.20533347,0.20569062
0.16597727,0.16524436,0.16462795,0.16414653,0.16381837,0.16366197,0.16369574,0.16393797,0.16440716,0.16512169,0.16609992,0.16736029,0.1689212,0.17080104,0.1730182,0.17559108,0.17853805,0.18173906,0.1850538,0.18847051,0.19197741,0.19556277,0.19921485,0.20292178,0.2066719,0.21045335,0.21425445,0.21806341,0.22186838,0.22565772,0.22941956,0.23314226,0.23681386,0.24042277,0.24395715,0.24740523,0.25075525,0.25399554,0.25711414,0.26009938,0.2629395,0.26562276,0.26813743,0.2704716,0.27261358,0.27455166,0.276274,0.2777688,0.2790244,0.2799632,0.28052792,0.28073692,0.28060853,0.28016126,0.2794135,0.27838358,0.27708995,0.27555102,0.2737851,0.27181068,0.26964608,0.2673098,0.2648202,0.26219565,0.25945452,0.2566154,0.25369644,0.25071615,0.24769291,0.2446452,0.24159129,0.23854971,0.23553874,0.23257689,0.22968248,0.22687393,0.22416964,0.22158803,0.21914747,0.21686636,0.21476315,0.21287853,0.21123317,0.20981531,0.20861317,0.20761496,0.20680895,0.20618336,0.20572639,0.20542634,0.20527144,0.20524986,0.20534988,0.20555973,0.2058676,0.2062618
0.16433011,0.16353858,0.1628729,0.16235296,0.16199858,0.16182965,0.1618661,0.16212772,0.16263445,0.1634061,0.16446257,0.16582377,0.16750951,0.16953969,0.17193416,0.17471279,0.17789552,0.18135333,0.18493544,0.18862905,0.19242124,0.1962992,0.20025006,0.20426092,0.20831892,0.21241124,0.216525,0.22064734,0.22476536,0.22886626,0.23293713,0.23696512,0.24093741,0.24484105,0.2486633,0.2523912,0.2560119,0.2595126,0.26288036,0.26610237,0.26916575,0.27205765,0.27476516,0.27727544,0.27957574,0.28165302,0.28349453,0.28508738,0.2864187,0.28740633,0.28798985,0.28818926,0.2880244,0.287515,0.28668112,0.28554255,0.28411916,0.28243077,0.28049734,0.2783387,0.2759747,0.27342528,0.2707102,0.26784945,0.2648628,0.26177025,0.25859153,0.25534663,0.2520553,0.2487375,0.24541308,0.24210194,0.23882388,0.23559879,0.23244658,0.2293871,0.22644022,0.22362585,0.22096379,0.21847396,0.21617621,0.21411617,0.21231769,0.21076784,0.20945376,0.20836267,0.20748165,0.20679782,0.20629837,0.20597039,0.20580104,0.20577744,0.20588678,0.20611617,0.2064527,0.20688356
0.16271889,0.161869,0.16115427,0.16059598,0.1602155,0.16003418,0.16007327,0.16035418,0.16089824,0.16172677,0.16286112,0.16432263,0.16613258,0.16831237,0.17088333,0.17386675,0.17728399,0.18099731,0.18484548,0.18881448,0.19289042,0.19705932,0.20130727,0.20562027,0.20998442,0.21438575,0.21881033,0.22324423,0.22767346,0.23208411,0.23646219,0.2407938,0.24506497,0.24926175,0.2533702,0.25737643,0.2612664,0.26502624,0.26864192,0.2720996,0.2753853,0.27848497,0.28138483,0.2840708,0.28652894,0.2887454,0.29070616,0.29239732,0.29380494,0.29484206,0.29544538,0.29563615,0.29543585,0.29486567,0.29394707,0.29270124,0.29114968,0.28931364,0.28721443,0.2848734,0.28231192,0.27955133,0.2766129,0.27351806,0.27028802,0.26694423,0.26350802,0.26000065,0.25644353,0.25285792,0.24926522,0.24568677,0.24214381,0.23865782,0.23525001,0.23194182,0.22875448,0.22570938,0.22282788,0.22013125,0.2176409,0.21540721,0.2134571,0.2117766,0.21035178,0.20916872,0.20821337,0.20747194,0.20693034,0.20657472,0.20639111,0.20636554,0.20648408,0.20673276,0.2070977,0.2075649
0.16114894,0.16024107,0.15947753,0.15888116,0.15847471,0.15828097,0.15832274,0.15862286,0.15920404,0.16008912,0.1613009,0.16286214,0.16479562,0.1671242,0.1698706,0.17305769,0.17670815,0.18067557,0.18478814,0.18903084,0.19338869,0.19784668,0.20238975,0.20700292,0.21167116,0.2163794,0.22111271,0.225856,0.2305943,0.2353126,0.23999579,0.24462904,0.24919714,0.25368515,0.258078,0.2623608,0.26651844,0.27053583,0.27439812,0.2780902,0.28159708,0.2849037,0.28799507,0.29085612,0.29347196,0.29582742,0.29790762,0.2996974,0.30118188,0.30226937,0.3028934,0.3030767,0.30284232,0.30221274,0.301211,0.29985973,0.2981818,0.29619998,0.293937,0.29141578,0.28865898,0.28568953,0.2825301,0.2792036,0.27573264,0.2721402,0.26844895,0.2646818,0.26086143,0.2570106,0.25315228,0.24930908,0.24550395,0.24175954,0.2380987,0.23454423,0.2311189,0.22784552,0.22474693,0.2218458,0.21916501,0.21675968,0.21465969,0.21285005,0.21131575,0.21004173,0.20901302,0.2082146,0.2076314,0.20724843,0.2070507,0.20702316,0.20715082,0.20741864,0.2078116,0.20831469
0.15962568,0.15866019,0.15784818,0.15721394,0.15678166,0.15657562,0.15662007,0.15693922,0.15755731,0.15849859,0.1597873,0.16144764,0.16350387,0.16598025,0.16890103,0.17229041,0.17617264,0.18039244,0.18476763,0.18928215,0.1939199,0.19866481,0.20350082,0.20841187,0.21338184,0.21839467,0.22343427,0.22848463,0.23352964,0.23855321,0.24353923,0.2484717,0.25333452,0.2581116,0.26278687,0.26734418,0.27176762,0.276041,0.2801483,0.28407338,0.2878002,0.29131266,0.29459473,0.29763034,0.3004034,0.30289772,0.3050974,0.30698636,0.30854833,0.30968708,0.31033295,0.3105102,0.3102431,0.30955586,0.3084727,0.3070179,0.3052157,0.30309024,0.3006659,0.29796684,0.2950173,0.2918415,0.28846377,0.2849083,0.28119925,0.277361,0.27341768,0.26939353,0.26531288,0.2611999,0.2570788,0.2529739,0.2489094,0.24490952,0.2409985,0.23720062,0.23354007,0.23004113,0.22672804,0.223625,0.22075625,0.21818155,0.21593368,0.21399663,0.21235427,0.21099053,0.2098894,0.20903474,0.20841049,0.20800057,0.2077889,0.20775944,0.20789608,0.20818277,0.20860338,0.20914191
0.15815449,0.15713176,0.15627164,0.1555998,0.15514192,0.15492368,0.15497075,0.15530883,0.15596354,0.15696059,0.15832566,0.1600844,0.16226251,0.16488567,0.16797954,0.1715698,0.17568211,0.18015246,0.18478824,0.18957241,0.19448781,0.19951728,0.20464377,0.20985015,0.2151193,0.22043405,0.22577736,0.23113206,0.23648107,0.24180725,0.2470935,0.2523227,0.25747773,0.26254144,0.26749676,0.27232656,0.27701372,0.2815411,0.28589165,0.29004815,0.2939936,0.2977108,0.30118266,0.30439207,0.3073219,0.30995503,0.31227437,0.31426275,0.31590313,0.31709415,0.31776318,0.31793576,0.31763762,0.31689447,0.31573194,0.31417572,0.3122515,0.30998495,0.30740175,0.30452755,0.30138803,0.2980089,0.29441577,0.2906344,0.28669038,0.28260946,0.27841723,0.27413946,0.2698018,0.26542985,0.26104936,0.25668597,0.2523654,0.24811333,0.24395536,0.23991719,0.23602456,0.23230308,0.22877842,0.2254763,0.22242238,0.21968083,0.21728733,0.21522476,0.21347599,0.21202388,0.21085139,0.20994136,0.20927665,0.20884016,0.2086148,0.20858343,0.20872891,0.20903416,0.20948204,0.21005547
0.15679994,0.15572372,0.15481858,0.15411161,0.1536298,0.15340012,0.15344965,0.15380542,0.15449439,0.15554358,0.15698005,0.15883079,0.16112281,0.16388318,0.16713889,0.17091693,0.17524433,0.17994887,0.18482827,0.18986438,0.19503918,0.20033453,0.2057324,0.21121469,0.21676326,0.22236007,0.22798699,0.23362601,0.23925902,0.24486788,0.25043452,0.2559409,0.26136893,0.26670048,0.2719175,0.2770018,0.28193548,0.2867003,0.2912783,0.2956512,0.29980108,0.30370986,0.30735934,0.3107315,0.31380832,0.31657156,0.31900325,0.32108524,0.3227995,0.3240402,0.32473147,0.32490042,0.32457405,0.32377926,0.32254332,0.3208931,0.3188555,0.31645766,0.31372672,0.31068954,0.3073731,0.30380452,0.30001074,0.29601893,0.29185596,0.28754887,0.28312472,0.2786105,0.27403328,0.26941997,0.26479772,0.2601934,0.25563422,0.25114697,0.2467589,0.24249683,0.2383879,0.2344591,0.23073743,0.22724994,0.22402357,0.22112674,0.21859767,0.21641822,0.2145704,0.21303603,0.21179715,0.21083555,0.2101332,0.20967197,0.20943385,0.20940067,0.20955445,0.20987697,0.21035023,0.21095613
0.15561733,0.15449439,0.15355001,0.15281236,0.15230964,0.15206999,0.15212165,0.15249285,0.15321174,0.15430646,0.15580526,0.15773632,0.16012782,0.16300796,0.1664049,0.17034693,0.1748621,0.17977113,0.18486315,0.1901193,0.19552054,0.20104808,0.20668283,0.21240598,0.21819854,0.22404155,0.22991614,0.23580337,0.24168429,0.24753994,0.25335142,0.25909984,0.26476613,0.2703315,0.2757769,0.28108355,0.2862324,0.29120454,0.295981,0.3005429,0.30487138,0.30894732,0.3127519,0.31626618,0.31947127,0.3223481,0.32487798,0.3270417,0.32882047,0.33010444,0.33081526,0.33098087,0.33062991,0.32979012,0.32849,0.3267576,0.3246211,0.32210872,0.3192487,0.31606913,0.3125983,0.30886436,0.30489546,0.30071992,0.2963658,0.2918613,0.28723457,0.28251395,0.27772754,0.27290362,0.2680702,0.2632556,0.25848803,0.25379556,0.24920653,0.244749,0.24045125,0.23634143,0.23244771,0.22879833,0.22542147,0.22238909,0.21974158,0.21746019,0.21552587,0.21391974,0.21262282,0.21161623,0.210881,0.21039818,0.21014892,0.2101142,0.21027517,0.21061277,0.2111082,0.21174246
0.1545982,0.15343508,0.15245685,0.15169275,0.15117197,0.15092377,0.1509773,0.1513618,0.15210639,0.15324038,0.15479289,0.15679316,0.15927039,0.16225374,0.16577247,0.16985574,0.17453274,0.17961796,0.18489325,0.19033892,0.19593537,0.20166291,0.20750187,0.21343257,0.21943535,0.22549058,0.23157862,0.23767969,0.24377425,0.24984261,0.25586507,0.26182196,0.26769367,0.2734605,0.27910283,0.28460094,0.2899353,0.295086,0.30003354,0.30475834,0.3092406,0.31346062,0.3173989,0.32103562,0.32435125,0.32732603,0.3299403,0.33217448,0.3340089,0.33533022,0.33605775,0.3362207,0.33584842,0.3349699,0.3336145,0.3318113,0.32958955,0.32697842,0.32400718,0.32070506,0.31710115,0.31322467,0.30910486,0.3047709,0.30025205,0.29557738,0.29077622,0.28587776,0.28091115,0.27590555,0.2708902,0.2658944,0.26094723,0.25607798,0.25131574,0.24668977,0.2422293,0.23796348,0.23392156,0.23013271,0.22662611,0.22347686,0.2207274,0.21835808,0.21634924,0.21468124,0.21333435,0.21228899,0.2115254,0.21102402,0.21076512,0.21072909,0.21089618,0.21124686,0.21176137,0.21242006
0.15373416,0.15253688,0.15152995,0.15074345,0.15020742,0.1499519,0.15000704,0.15040278,0.15116926,0.15233651,0.15393455,0.1559935,0.1585434,0.1616143,0.16523622,0.16943924,0.1742535,0.17948811,0.18491873,0.19052517,0.19628708,0.20218422,0.20819625,0.21430297,0.220484,0.22671914,0.23298806,0.23927055,0.24554622,0.2517949,0.25799623,0.26412994,0.27017576,0.27611348,0.28192273,0.28758326,0.29307476,0.29837692,0.30346957,0.30833235,0.31294507,0.3172873,0.32133883,0.3250794,0.3284888,0.33154657,0.3342326,0.33652645,0.338408,0.33976093,0.3405027,0.34066337,0.340273,0.33936164,0.3379593,0.33609608,0.3338021,0.33110726,0.32804176,0.32463557,0.32091886,0.3169216,0.3126738,0.30820557,0.30354705,0.29872814,0.29377905,0.28872982,0.2836103,0.27845082,0.27328125,0.26813176,0.26303235,0.25801307,0.25310403,0.24833529,0.24373682,0.23933879,0.23517114,0.23126402,0.22764747,0.22439915,0.22156322,0.21911937,0.21704733,0.21532686,0.21393763,0.21285933,0.21207178,0.21155462,0.21128757,0.2112504,0.21142279,0.2117845,0.21231514,0.21299455
0.15301673,0.1517911,0.15076034,0.14995524,0.1494065,0.14914499,0.1492014,0.14960653,0.15039113,0.15158597,0.15322183,0.15532953,0.15793975,0.1610833,0.16479096,0.16909347,0.1740216,0.1793803,0.18493995,0.19067985,0.19657916,0.20261708,0.20877285,0.2150257,0.22135477,0.22773924,0.23415844,0.24059151,0.2470176,0.25341597,0.2597658,0.26604638,0.2722368,0.27831635,0.28426415,0.29005948,0.29568154,0.30110955,0.30632263,0.31130007,0.31602103,0.3204647,0.32461038,0.3284372,0.33192435,0.33505106,0.33779657,0.3401401,0.3420607,0.3434399,0.34419352,0.34435228,0.3439469,0.34300825,0.34156698,0.33965394,0.33729988,0.3345356,0.33139187,0.32789937,0.32408884,0.31999123,0.31563717,0.31105757,0.306283,0.3013444,0.29627243,0.2910979,0.28585157,0.28056422,0.2752666,0.26998946,0.26476365,0.25961992,0.25458896,0.24970163,0.24498859,0.24048074,0.23620874,0.23220341,0.22849554,0.22516493,0.22225724,0.21975152,0.21762702,0.21586296,0.21443853,0.21333297,0.21252546,0.2119952,0.2117214,0.21168329,0.21186002,0.21223085,0.21277499,0.21347162
0.15243742,0.15118891,0.15013891,0.14931875,0.1487598,0.1484934,0.14855084,0.14896354,0.14976276,0.15097997,0.15264635,0.15479335,0.15745232,0.16065454,0.16443141,0.16881426,0.17383438,0.17929322,0.18495704,0.19080473,0.19681494,0.20296659,0.20923845,0.21560928,0.22205783,0.228563,0.23510347,0.2416581,0.24820566,0.25472492,0.2611947,0.26759377,0.273901,0.2800951,0.28615478,0.29205897,0.29778647,0.303316,0.30862638,0.31369635,0.31850478,0.3230304,0.32725203,0.33114842,0.3346984,0.33788085,0.3406744,0.34305784,0.34501016,0.34641057,0.34717375,0.34733093,0.34691346,0.34595272,0.34448016,0.34252682,0.3401243,0.33730382,0.33409685,0.3305346,0.32664856,0.32246992,0.3180301,0.31336042,0.30849218,0.3034569,0.29828572,0.29301003,0.28766122,0.28227067,0.27686965,0.27148956,0.26616165,0.26091734,0.255788,0.25080484,0.24599938,0.24140283,0.23704655,0.23296195,0.22918034,0.22578338,0.22281761,0.22026192,0.21809508,0.21629584,0.21484302,0.21371539,0.21289177,0.21235092,0.2120717,0.2120328,0.21221308,0.2125913,0.2131463,0.21385679
0.15198776,0.15072152,0.14965656,0.14882478,0.14825784,0.14798766,0.14804591,0.14846447,0.14927511,0.15050957,0.15219972,0.15437724,0.15707399,0.16032177,0.16415232,0.16859752,0.17368907,0.17922561,0.18497032,0.19090162,0.19699797,0.2032379,0.20959982,0.21606219,0.22260356,0.22920232,0.23583694,0.24248599,0.2491278,0.25574088,0.2623038,0.26879486,0.27519268,0.28147563,0.2876222,0.29361093,0.2994202,0.3050286,0.3104144,0.31555626,0.32043254,0.32502174,0.32930237,0.33325282,0.3368516,0.3400771,0.342908,0.34532258,0.3472994,0.3487163,0.3494869,0.34964278,0.34921604,0.34823814,0.3467411,0.34475654,0.34231645,0.33945248,0.33619636,0.3325801,0.32863528,0.32439372,0.3198873,0.3151478,0.31020692,0.3050965,0.29984835,0.29449418,0.2890659,0.28359517,0.2781139,0.27265385,0.26724672,0.26192442,0.25671858,0.2516612,0.24678387,0.24211851,0.23769684,0.23355071,0.22971186,0.22626331,0.22325258,0.22065811,0.21845835,0.21663183,0.21515694,0.21401222,0.2131761,0.21262705,0.21234359,0.21230412,0.21248715,0.21287109,0.21343446,0.2141558
0.15165934,0.1503801,0.14930429,0.14846395,0.14789122,0.14761825,0.14767714,0.14809997,0.14891891,0.150166,0.15187344,0.1540733,0.15679769,0.16007873,0.16394854,0.16843924,0.17358293,0.17917627,0.18498003,0.1909724,0.19713168,0.20343606,0.20986374,0.21639304,0.22300215,0.22966927,0.23637271,0.24309061,0.24980128,0.25648296,0.2631138,0.26967213,0.27613613,0.282484,0.28869408,0.29474452,0.30061358,0.30627948,0.3117205,0.31691474,0.3218406,0.3264763,0.33079994,0.33478984,0.3384243,0.34168142,0.34453943,0.34697676,0.34897143,0.35040048,0.35117638,0.35133144,0.3508978,0.3499074,0.34839252,0.34638524,0.34391764,0.34102184,0.33772987,0.33407402,0.3300864,0.32579893,0.32124382,0.31645328,0.31145936,0.30629408,0.3009897,0.2955782,0.29009184,0.28456268,0.27902275,0.27350423,0.2680393,0.2626599,0.2573983,0.25228658,0.24735692,0.24264124,0.23817183,0.23398075,0.23010007,0.2266139,0.22357027,0.22094747,0.21872371,0.21687722,0.21538626,0.21422902,0.21338378,0.21282873,0.21254218,0.21250227,0.21268727,0.21307541,0.213645,0.21437415
0.15144368,0.15015593,0.14907296,0.14822699,0.1476505,0.1473757,0.14743498,0.14786062,0.14868501,0.14994043,0.1516592,0.1538737,0.15661621,0.15991911,0.16381468,0.16833527,0.1735132,0.17914386,0.18498638,0.19101886,0.19721946,0.20356618,0.21003707,0.21661028,0.22326387,0.22997595,0.23672448,0.2434877,0.25024357,0.25697023,0.26364574,0.27024817,0.27675563,0.2831462,0.28939784,0.29548883,0.30139714,0.3071008,0.3125781,0.31780687,0.32276523,0.32743135,0.3317833,0.33579916,0.33945698,0.34273484,0.34561077,0.3480629,0.35006943,0.35150626,0.3522858,0.3524403,0.3520021,0.35100353,0.34947696,0.3474547,0.34496906,0.3420523,0.33873692,0.3350551,0.33103922,0.32672164,0.32213464,0.31731054,0.31228173,0.30708048,0.30173913,0.29629007,0.29076555,0.28519788,0.27961954,0.27406266,0.2685597,0.2631429,0.25784466,0.25269732,0.24773315,0.24298452,0.23848367,0.23426308,0.230355,0.22684407,0.22377884,0.22113746,0.21889794,0.21703836,0.2155368,0.21437137,0.21352014,0.21296118,0.21267258,0.21263237,0.21281873,0.2132096,0.2137832,0.21451752
0.15133233,0.1500402,0.1489535,0.14810468,0.14752617,0.14725043,0.14730994,0.14773703,0.14856423,0.1498239,0.15154858,0.15377064,0.15652254,0.15983672,0.1637456,0.1682816,0.17347722,0.1791271,0.18498966,0.1910429,0.19726479,0.20363337,0.21012656,0.21672246,0.22339903,0.23013423,0.23690614,0.24369268,0.25047195,0.25722185,0.26392037,0.27054563,0.2770755,0.2834881,0.28976128,0.2958732,0.3018017,0.30752498,0.31302086,0.31826743,0.3232426,0.32792452,0.33229107,0.33632028,0.33999014,0.34327874,0.34616396,0.34862384,0.35063633,0.35207728,0.35285866,0.3530128,0.35257232,0.3515696,0.35003692,0.34800687,0.3455119,0.34258446,0.33925688,0.33556166,0.33153123,0.3271981,0.32259458,0.31775323,0.31270635,0.30748653,0.30212614,0.29665762,0.29111338,0.28552595,0.27992764,0.27435106,0.26882833,0.26339227,0.25807515,0.2529094,0.24792744,0.24316175,0.23864478,0.23440889,0.23048663,0.22696294,0.22388661,0.22123559,0.2189879,0.21712157,0.21561459,0.21444488,0.21359056,0.21302958,0.2127399,0.21269955,0.21288656,0.21327889,0.21385457,0.21459156
0.1513168,0.15002404,0.14893685,0.14808765,0.14750887,0.14723301,0.14729252,0.14771983,0.1485474,0.1498077,0.15153319,0.1537563,0.15650949,0.15982524,0.16373597,0.16827413,0.17347221,0.17912477,0.18499011,0.19104625,0.19727108,0.20364271,0.21013904,0.21673809,0.22341785,0.23015629,0.23693141,0.24372129,0.2505037,0.2572569,0.26395863,0.27058703,0.27712002,0.2835357,0.28981194,0.2959267,0.3018581,0.30758402,0.31308255,0.3183315,0.32330912,0.32799315,0.33236176,0.33639282,0.3400644,0.3433545,0.34624094,0.3487019,0.3507153,0.3521568,0.35293832,0.35309255,0.3526517,0.35164836,0.35011485,0.34808376,0.34558752,0.34265852,0.33932924,0.33563218,0.33159974,0.32726446,0.32265863,0.31781483,0.31276548,0.3075431,0.30218008,0.2967088,0.29116186,0.2855716,0.2799706,0.27439108,0.2688658,0.263427,0.25810722,0.2529389,0.24795449,0.24318643,0.23866715,0.23442918,0.23050496,0.22697948,0.22390158,0.22124925,0.21900047,0.21713316,0.21562539,0.21445514,0.21360035,0.21303907,0.21274929,0.2127089,0.21289602,0.21328858,0.21386452,0.21460189
0.1513887,0.1500988,0.14901397,0.14816663,0.1475891,0.14731386,0.14737324,0.14779961,0.14862539,0.14988291,0.15160462,0.15382281,0.15656999,0.15987845,0.16378058,0.16830878,0.17349546,0.17913558,0.18498798,0.19103074,0.19724186,0.2035993,0.21008126,0.21666569,0.22333062,0.2300541,0.23681419,0.2435889,0.25035632,0.25709447,0.26378134,0.270395,0.27691352,0.28331497,0.28957728,0.29567856,0.3015969,0.30731025,0.31279662,0.31803423,0.32300094,0.32767484,0.33203393,0.33605644,0.3397202,0.34300336,0.34588385,0.3483398,0.3503493,0.35178825,0.35256863,0.35272294,0.35228363,0.35128298,0.3497534,0.3477273,0.34523705,0.342315,0.33899364,0.33530518,0.33128214,0.32695684,0.32236168,0.31752905,0.3124914,0.30728096,0.30193025,0.2964715,0.2909373,0.28535983,0.2797716,0.27420503,0.26869234,0.26326603,0.25795844,0.252802,0.24782906,0.24307203,0.2385632,0.23433508,0.23042,0.22690277,0.22383206,0.2211859,0.21894236,0.21707945,0.2155752,0.21440768,0.21355493,0.21299495,0.21270582,0.21266554,0.21285222,0.21324383,0.21381845,0.21455409
0.15153952,0.15025556,0.14917573,0.14833233,0.1477575,0.1474835,0.1475426,0.147967,0.14878896,0.15004066,0.15175442,0.15396242,0.15669687,0.15999007,0.16387418,0.16838148,0.1735442,0.17915827,0.18498357,0.19099824,0.19718045,0.20350833,0.20996006,0.21651374,0.22314756,0.22983965,0.23656812,0.24331121,0.250047,0.25675368,0.2634093,0.26999214,0.27648023,0.28285187,0.28908512,0.29515806,0.30104887,0.30673575,0.31219685,0.31741032,0.32235432,0.32700688,0.33134624,0.33535057,0.33899802,0.34226665,0.34513462,0.3475802,0.34958142,0.3510148,0.35179266,0.35194746,0.3515113,0.35051638,0.34899506,0.34697938,0.3445018,0.34159434,0.33828932,0.33461908,0.33061573,0.32631153,0.3217387,0.31692958,0.31191617,0.30673096,0.3014061,0.29597372,0.2904661,0.2849156,0.27935427,0.27381444,0.2683284,0.26292825,0.2576463,0.25251478,0.24756594,0.24283198,0.23834507,0.23413761,0.23024169,0.22674179,0.22368614,0.22105302,0.21882054,0.21696675,0.21546993,0.21430813,0.21345954,0.21290232,0.2126146,0.21257457,0.21276028,0.21314998,0.21372174,0.2144538
0.15176085,0.15048562,0.14941314,0.14857543,0.14800453,0.1477324,0.14779109,0.14821263,0.14902899,0.15027219,0.15197426,0.1541672,0.15688306,0.16015384,0.16401151,0.16848814,0.17361571,0.17919151,0.184977,0.19095056,0.19709036,0.20337483,0.20978218,0.2162908,0.22287898,0.22952498,0.23620714,0.24290378,0.24959315,0.2562536,0.26286355,0.26940107,0.27584454,0.28217244,0.28836286,0.29439422,0.30024484,0.30589297,0.3113169,0.31649497,0.3214055,0.32602677,0.3303371,0.33431485,0.33793822,0.34118563,0.34403533,0.3464656,0.34845477,0.34987998,0.35065433,0.35080963,0.35037807,0.34939158,0.34788218,0.34588197,0.3434228,0.34053686,0.3372561,0.33361247,0.32963794,0.32536465,0.3208247,0.31604984,0.3110723,0.30592406,0.30063698,0.2952433,0.28977484,0.28426373,0.27874193,0.27324146,0.26779434,0.2624326,0.25718826,0.25209334,0.24717978,0.2424797,0.23802504,0.23384781,0.22998011,0.22650555,0.2234721,0.22085807,0.2186417,0.21680139,0.2153154,0.21416202,0.2133196,0.21276642,0.21248078,0.21244104,0.21262541,0.2130123,0.21357995,0.21430667
0.15204415,0.15078013,0.14971706,0.1488867,0.1483208,0.14805104,0.14810923,0.14852707,0.14933625,0.15056857,0.15225571,0.15442942,0.15712146,0.1603635,0.16418734,0.16862468,0.17370729,0.17923409,0.18496865,0.19088946,0.19697502,0.20320389,0.2095545,0.21600544,0.2225351,0.22912216,0.235745,0.24238217,0.24901217,0.25561354,0.26216468,0.26864427,0.2750307,0.2813025,0.2874382,0.29341632,0.29921544,0.30481383,0.31019023,0.31532308,0.3201908,0.32477206,0.32904533,0.33298898,0.33658162,0.33980182,0.34262794,0.34503865,0.34701234,0.3484272,0.3491968,0.34935296,0.34892732,0.3479516,0.34645754,0.34447703,0.3420416,0.3391831,0.33593318,0.33232358,0.32838616,0.3241525,0.31965443,0.31492364,0.3099919,0.30489087,0.29965237,0.2943081,0.2888898,0.28342915,0.27795792,0.27250785,0.26711068,0.2617981,0.25660196,0.2515538,0.2466855,0.24202876,0.23761532,0.23347689,0.2296452,0.22620313,0.22319804,0.22060843,0.2184128,0.2165897,0.21511759,0.21397503,0.21314046,0.21259242,0.21230948,0.2122701,0.21245275,0.212836,0.21339835,0.21411829
