0.16040583,0.16051383,0.16060466,0.16067564,0.16072395,0.16074702,0.16074203,0.16070636,0.16063723,0.16053192,0.16038778,0.16020203,0.15997203,0.15969506,0.15936832,0.1589892,0.15855496,0.15811817,0.15772992,0.1573852,0.15707892,0.15680619,0.15656187,0.15634099,0.15613855,0.15594943,0.15576872,0.15559135,0.15541235,0.15522659,0.15502913,0.15481494,0.15457898,0.15431626,0.15402175,0.15369043,0.15331726,0.1528972,0.15242526,0.15189643,0.15130568,0.150648,0.14991829,0.14911161,0.14822297,0.1472473,0.14617951,0.14501473,0.1437478,0.14245665,0.14122063,0.140037,0.1389031,0.13781619,0.13677357,0.13577253,0.13481031,0.13388427,0.13299169,0.13212979,0.13129593,0.13048737,0.12970144,0.12893535,0.12818646,0.12745199,0.1267293,0.12601565,0.1253083,0.12460459,0.12390177,0.123197146,0.12248801,0.121771626,0.12104533,0.12030634,0.11955202,0.118779615,0.11798644,0.117169745,0.11632685,0.11552266,0.114820585,0.114215545,0.113702595,0.11327662,0.11293273,0.11266575,0.11247077,0.11234276,0.11227663,0.112267435,0.11231012,0.11239965,0.112531036,0.11269921
0.1604116,0.16051696,0.16060558,0.16067475,0.16072191,0.16074443,0.16073956,0.16070475,0.1606373,0.1605346,0.16039397,0.1602128,0.1599884,0.15971819,0.1593995,0.15902966,0.15860602,0.15818107,0.15780555,0.15747437,0.15718244,0.15692459,0.15669572,0.15649077,0.15630454,0.15613194,0.1559679,0.15580729,0.15564494,0.15547575,0.15529469,0.15509655,0.15487619,0.15462859,0.1543486,0.15403104,0.15367088,0.15326297,0.1528022,0.15228345,0.15170158,0.15105154,0.15032813,0.1495263,0.14864087,0.1476668,0.14659894,0.14543213,0.14416134,0.14286457,0.14162162,0.14042976,0.13928641,0.13818891,0.1371346,0.13612084,0.13514501,0.13420442,0.13329646,0.1324185,0.13156785,0.13074186,0.12993795,0.12915342,0.12838566,0.12763199,0.12688978,0.12615637,0.12542915,0.12470546,0.12398267,0.123258084,0.122529104,0.12179307,0.121047355,0.12028926,0.11951618,0.11872549,0.11791451,0.117080614,0.116221145,0.11540176,0.11468634,0.114069864,0.11354718,0.113113195,0.11276272,0.11249073,0.112292066,0.112161614,0.11209423,0.112084866,0.112128355,0.112219565,0.112353444,0.11252484
0.16041641,0.16051957,0.16060632,0.16067404,0.16072023,0.16074225,0.1607375,0.16070338,0.16063738,0.16053683,0.16039918,0.16022183,0.16000217,0.15973768,0.15942568,0.15906362,0.15864895,0.15823393,0.15786913,0.1575494,0.15726946,0.15702416,0.15680832,0.15661672,0.15644416,0.15628545,0.15613544,0.15598889,0.15584055,0.15568532,0.15551801,0.15533333,0.15512612,0.15489125,0.15462343,0.15431753,0.15396832,0.15357062,0.15311922,0.15260893,0.15203457,0.15139094,0.1506728,0.149875,0.14899231,0.14801961,0.14695163,0.14578319,0.1445091,0.14320764,0.1419588,0.14076008,0.13960877,0.13850236,0.13743822,0.1364138,0.13542648,0.13447367,0.13355283,0.1326613,0.13179651,0.1309559,0.13013689,0.12933685,0.1285532,0.12778337,0.12702474,0.12627475,0.12553081,0.12479032,0.12405069,0.123309314,0.12256367,0.121811084,0.121049,0.12027487,0.11948603,0.11867995,0.11785402,0.117005646,0.11613226,0.11530003,0.11457346,0.11394736,0.113416485,0.11297571,0.11261978,0.11234352,0.11214176,0.11200925,0.11194084,0.11193134,0.11197549,0.112068154,0.11220411,0.11237818
0.16042024,0.16052163,0.16060689,0.16067348,0.1607189,0.16074055,0.16073588,0.16070233,0.16063744,0.1605386,0.16040327,0.16022891,0.16001295,0.15975288,0.15944615,0.15909019,0.15868251,0.15827522,0.15791881,0.15760794,0.15733741,0.15710193,0.15689626,0.1567151,0.15655322,0.15640539,0.15626629,0.15613072,0.1559934,0.15584904,0.15569244,0.1555183,0.15532136,0.1550964,0.15483813,0.1545413,0.15420066,0.15381093,0.15336683,0.15286319,0.15229465,0.15165605,0.15094203,0.1501474,0.14926688,0.14829521,0.14722714,0.1460574,0.14478074,0.1434756,0.14222223,0.14101808,0.13986056,0.13874719,0.1376754,0.13664262,0.13564633,0.134684,0.13375305,0.13285094,0.13197514,0.1311231,0.13029227,0.1294801,0.12868406,0.12790158,0.12713017,0.12636723,0.1256102,0.1248566,0.12410382,0.123349376,0.12259065,0.12182515,0.121050335,0.12026362,0.119462505,0.11864439,0.11780679,0.116947085,0.11606282,0.11522058,0.1144853,0.11385166,0.11331441,0.112868346,0.11250814,0.112228565,0.11202436,0.111890264,0.111821026,0.1118114,0.111856095,0.11194985,0.11208744,0.11226362
0.16042282,0.16052304,0.16060731,0.16067311,0.160718,0.16073936,0.16073476,0.16070163,0.1606375,0.16053976,0.16040607,0.16023369,0.16002029,0.15976325,0.1594601,0.15910831,0.15870538,0.15830341,0.15795268,0.15764788,0.15738375,0.15715493,0.15695617,0.15678214,0.15662755,0.15648709,0.15635546,0.15622738,0.15609753,0.15596059,0.15581131,0.15564436,0.15545443,0.15523624,0.15498444,0.15469381,0.15435895,0.15397468,0.15353562,0.15303643,0.15247193,0.1518367,0.15112549,0.15033302,0.14945395,0.14848301,0.14741491,0.14624427,0.14496587,0.14365827,0.14240175,0.1411939,0.14003219,0.13891405,0.13783702,0.13679858,0.13579617,0.13482732,0.1338895,0.13298015,0.13209687,0.13123702,0.13039814,0.12957774,0.12877326,0.12798217,0.127202,0.12643023,0.12566431,0.12490177,0.12414004,0.12337663,0.12260906,0.12183474,0.12105122,0.12025596,0.119446434,0.11862015,0.11777456,0.11690718,0.116015494,0.11516646,0.11442518,0.11378644,0.11324484,0.112795144,0.112432025,0.11215019,0.11194435,0.11180917,0.111739375,0.111729644,0.11177472,0.11186925,0.112007946,0.11218555
0.16042405,0.16052367,0.1606075,0.16067296,0.16071755,0.16073883,0.16073422,0.16070132,0.16063747,0.16054036,0.16040735,0.16023599,0.16002376,0.1597682,0.15946673,0.15911695,0.15871626,0.15831685,0.15796877,0.15766689,0.15740582,0.15718022,0.15698475,0.15681413,0.15666297,0.15652603,0.15639797,0.15627347,0.15614717,0.1560138,0.155868,0.15570442,0.15551783,0.15530287,0.1550542,0.1547665,0.15443444,0.15405272,0.15361603,0.15311903,0.15255639,0.15192282,0.15121295,0.15042152,0.14954315,0.14857253,0.14750439,0.14633335,0.14505412,0.1437453,0.1424873,0.1412777,0.140114,0.13899359,0.13791406,0.13687292,0.1358676,0.13489562,0.13395455,0.13304178,0.13215488,0.13129136,0.13044864,0.12962428,0.12881576,0.12802058,0.12723626,0.12646027,0.12569012,0.12492329,0.12415728,0.12338963,0.12261781,0.12183932,0.12105166,0.12025233,0.11943879,0.1186086,0.11775921,0.11688816,0.11599293,0.11514065,0.114396535,0.11375535,0.11321169,0.112760276,0.11239576,0.112112835,0.111906186,0.1117705,0.11170046,0.111690685,0.11173592,0.11183083,0.11197007,0.11214832
0.16042377,0.16052353,0.16060744,0.16067296,0.16071765,0.16073893,0.16073437,0.16070136,0.1606375,0.16054024,0.16040708,0.16023551,0.16002303,0.15976712,0.15946533,0.15911509,0.15871392,0.15831394,0.1579653,0.15766282,0.15740106,0.15717475,0.15697858,0.1568072,0.15665536,0.15651765,0.1563888,0.15626353,0.15613647,0.15600233,0.15585577,0.15569147,0.15550417,0.15528849,0.15503913,0.1547508,0.15441816,0.15403588,0.15359868,0.1531012,0.15253817,0.15190424,0.1511941,0.15040241,0.14952388,0.14855322,0.14748509,0.14631414,0.14503509,0.14372654,0.14246884,0.14125963,0.14009632,0.13897644,0.13789746,0.13685688,0.1358522,0.1348809,0.13394049,0.1330285,0.13214236,0.13127963,0.13043776,0.12961422,0.1288066,0.12801231,0.12722886,0.12645379,0.12568454,0.12491865,0.12415357,0.12338683,0.12261593,0.121838324,0.121051565,0.12025311,0.11944045,0.1186111,0.11776254,0.11689227,0.115997806,0.11514621,0.114402734,0.11376205,0.11321883,0.11276781,0.112403564,0.1121209,0.11191444,0.11177885,0.111708835,0.1116991,0.111744285,0.11183911,0.11197823,0.11215633
0.16042186,0.1605225,0.16060714,0.16067326,0.16071832,0.1607398,0.16073519,0.1607019,0.1606375,0.16053933,0.16040502,0.16023193,0.16001761,0.15975949,0.15945502,0.15910171,0.15869705,0.15829314,0.15794033,0.15763335,0.15736684,0.1571356,0.15693432,0.1567577,0.15660046,0.1564573,0.15632299,0.15619217,0.15605958,0.15591995,0.15576798,0.15559839,0.15540592,0.15518525,0.15493111,0.15463822,0.15430126,0.15391496,0.15347409,0.15297326,0.1524073,0.15177086,0.15105863,0.15026535,0.14938578,0.14841458,0.14734645,0.14617617,0.14489841,0.14359166,0.14233634,0.14112982,0.13996965,0.13885324,0.1377781,0.13674173,0.13574156,0.13477509,0.13383976,0.13293307,0.1320525,0.13119552,0.13035956,0.12954214,0.12874074,0.12795281,0.12717582,0.12640727,0.1256446,0.12488529,0.12412685,0.123366676,0.122602336,0.12183126,0.121050894,0.120258756,0.1194523,0.118629,0.117786296,0.11692174,0.11603274,0.115186185,0.11444712,0.113810204,0.11327021,0.112821825,0.11245975,0.11217876,0.111973494,0.11183872,0.11176914,0.111759454,0.11180438,0.11189862,0.11203693,0.11221399
0.16041821,0.16052051,0.16060658,0.16067381,0.16071963,0.16074145,0.16073674,0.16070294,0.1606374,0.16053762,0.16040103,0.16022508,0.16000712,0.15974464,0.15943506,0.15907583,0.15866435,0.15825288,0.15789193,0.15757625,0.15730064,0.1570598,0.15684865,0.15666184,0.15649419,0.15634046,0.15619545,0.15605393,0.15591066,0.15576042,0.155598,0.15541813,0.1552157,0.15498534,0.1547219,0.15442014,0.15407488,0.15368083,0.15323277,0.15272553,0.15215383,0.15151249,0.15079625,0.14999993,0.14911824,0.148146,0.14707798,0.14590895,0.1446337,0.14333053,0.14207962,0.1408784,0.13972425,0.13861461,0.13754699,0.13651873,0.13552731,0.13457012,0.13364464,0.13274826,0.13187845,0.13103259,0.13020815,0.12940253,0.12861325,0.12783758,0.12707311,0.12631716,0.12556723,0.12482071,0.12407504,0.12332769,0.12257604,0.12181755,0.12104961,0.12026969,0.119475245,0.11866365,0.117832355,0.11697878,0.11610041,0.1152636,0.114533015,0.113903485,0.11336968,0.11292647,0.11256858,0.11229081,0.11208791,0.11195468,0.11188589,0.11187632,0.11192074,0.1120139,0.112150624,0.112325646
0.16041256,0.1605175,0.16060571,0.16067463,0.1607216,0.16074398,0.16073914,0.16070446,0.1606373,0.16053502,0.160395,0.1602146,0.15999116,0.15972209,0.15940471,0.15903641,0.15861455,0.15819158,0.1578182,0.15748928,0.15719973,0.15694441,0.15671815,0.1565158,0.15633233,0.15616252,0.15600127,0.15584342,0.15568389,0.15551749,0.15533914,0.15514363,0.15492594,0.15468086,0.15440327,0.15408807,0.15373008,0.1533242,0.1528653,0.15234824,0.15176786,0.15111908,0.15039672,0.14959568,0.14871083,0.14773704,0.1466691,0.145502,0.14423054,0.14293283,0.1416887,0.14049551,0.13935055,0.13825127,0.13719502,0.13617913,0.13520102,0.13425802,0.13334748,0.13246681,0.13161336,0.13078448,0.12997754,0.12918991,0.12841898,0.12766209,0.12691663,0.12617993,0.12544937,0.12472234,0.1239962,0.123268284,0.12253599,0.121796645,0.121047676,0.12028639,0.11951018,0.118716426,0.11790247,0.11706569,0.11620346,0.115381494,0.114663884,0.114045486,0.11352117,0.11308582,0.11273429,0.11246143,0.112262145,0.11213129,0.112063706,0.11205429,0.11209792,0.112189464,0.11232374,0.11249564
0.16040488,0.16051333,0.16060452,0.16067576,0.16072433,0.16074745,0.16074243,0.1607066,0.16063717,0.16053148,0.16038674,0.16020024,0.1599693,0.15969115,0.15936312,0.15898246,0.1585464,0.15810765,0.15771727,0.15737025,0.15706165,0.15678637,0.15653948,0.15631595,0.15611072,0.1559189,0.1557354,0.15555523,0.1553734,0.1551849,0.15498468,0.1547678,0.15452926,0.15426402,0.15396707,0.15363342,0.15325804,0.15283597,0.15236217,0.15183166,0.15123941,0.15058044,0.1498497,0.14904225,0.14815304,0.14717707,0.14610934,0.14494485,0.1436786,0.14238837,0.14115353,0.13997129,0.13883895,0.13775383,0.13671315,0.13571422,0.13475429,0.1338307,0.13294065,0.13208148,0.13125043,0.13044478,0.12966184,0.12889884,0.1281531,0.12742187,0.12670243,0.12599209,0.12528805,0.12458771,0.12388823,0.123186946,0.12248114,0.12176806,0.12104498,0.12030924,0.11955803,0.11878867,0.117998466,0.11718465,0.11634453,0.11554291,0.11484302,0.11423993,0.113728575,0.11330398,0.112961166,0.11269506,0.11250069,0.11237306,0.112307146,0.11229799,0.11234054,0.11242979,0.11256075,0.112728424
0.16039498,0.16050798,0.160603,0.16067721,0.16072778,0.16075191,0.16074671,0.16070935,0.16063702,0.1605269,0.16037606,0.16018175,0.15994115,0.15965135,0.15930955,0.15891291,0.1584586,0.15799952,0.15758723,0.15721692,0.1568837,0.15658276,0.15630926,0.15605839,0.15582526,0.155605,0.15539287,0.15518391,0.15497334,0.15475634,0.15452805,0.15428361,0.15401816,0.15372695,0.15340503,0.15304765,0.15264986,0.15220694,0.15171395,0.15116611,0.15055855,0.14988643,0.14914496,0.1483292,0.14743438,0.14645563,0.14538814,0.14422704,0.14296749,0.14168689,0.14046398,0.13929589,0.1381798,0.13711287,0.13609228,0.13511519,0.13417874,0.13328014,0.13241652,0.13158503,0.13078283,0.13000713,0.12925507,0.12852381,0.12781051,0.12711236,0.12642646,0.12575004,0.12508023,0.12441425,0.12374913,0.12308215,0.12241046,0.12173121,0.12104155,0.120338626,0.11961966,0.118881784,0.11812215,0.11733794,0.116526306,0.115750864,0.11507387,0.11449044,0.11399582,0.11358509,0.11325343,0.11299606,0.11280803,0.11268458,0.112620845,0.11261194,0.1126531,0.11273943,0.112866126,0.11302832
0.16038269,0.16050135,0.16060108,0.16067901,0.16073212,0.16075742,0.16075198,0.16071276,0.16063683,0.16052118,0.16036287,0.16015887,0.15990625,0.15960202,0.1592432,0.1588268,0.15834984,0.15786557,0.15742618,0.15702696,0.15666331,0.15633063,0.15602423,0.15573946,0.15547167,0.15521626,0.15496863,0.15472406,0.15447794,0.15422563,0.15396254,0.15368393,0.15338525,0.15306184,0.15270899,0.15232217,0.1518967,0.15142788,0.1509112,0.15034187,0.14971536,0.14902698,0.1482721,0.14744611,0.14654435,0.14556219,0.14449497,0.14333805,0.1420868,0.14081812,0.13960998,0.13845946,0.13736345,0.13631912,0.13532342,0.13437337,0.13346596,0.13259831,0.13176736,0.1309702,0.13020375,0.12946513,0.12875135,0.12805936,0.12738624,0.12672901,0.12608469,0.12545027,0.124822825,0.124199346,0.123576865,0.1229524,0.12232296,0.12168556,0.121037275,0.12037506,0.119696006,0.118997075,0.11827536,0.11752779,0.11675143,0.1160084,0.11535974,0.11480071,0.11432675,0.11393322,0.11361543,0.1133688,0.113188654,0.113070354,0.11300927,0.113000765,0.11304019,0.113122925,0.11324432,0.11339973
0.16036797,0.16049334,0.16059883,0.16068117,0.1607373,0.16076408,0.1607583,0.16071688,0.1606366,0.16051432,0.16034694,0.16013132,0.15986425,0.15954264,0.15916328,0.15872309,0.15821886,0.1577043,0.15723224,0.15679827,0.15639797,0.15602697,0.15568088,0.15535533,0.15504587,0.15474814,0.15445772,0.15417024,0.15388131,0.1535865,0.15328144,0.15296173,0.152623,0.15226078,0.15187076,0.15144847,0.15098958,0.15048969,0.14994434,0.14934923,0.14869986,0.14799191,0.14722095,0.14638261,0.1454725,0.14448619,0.14341928,0.14226742,0.14102618,0.13977182,0.13858153,0.13745208,0.13638036,0.13536318,0.1343974,0.13347992,0.13260753,0.13177717,0.13098559,0.13022971,0.12950636,0.12881237,0.12814464,0.1275,0.12687528,0.12626734,0.12567307,0.12508927,0.12451284,0.12394058,0.12336939,0.12279609,0.12221755,0.1216306,0.121032126,0.12041896,0.119787954,0.119135946,0.118459806,0.1177564,0.11702256,0.11631859,0.115703985,0.11517437,0.11472534,0.114352465,0.114051394,0.11381772,0.11364704,0.11353497,0.11347708,0.11346904,0.1135064,0.11358478,0.11369978,0.11384701
0.16035055,0.16048393,0.1605961,0.16068377,0.16074345,0.16077192,0.16076578,0.16072169,0.16063628,0.16050625,0.16032821,0.16009882,0.15981472,0.15947257,0.15906905,0.15860075,0.1580644,0.15751407,0.15700349,0.15652846,0.15608495,0.15566885,0.15527596,0.15490228,0.15454364,0.15419598,0.15385513,0.15351704,0.15317757,0.15283267,0.15247814,0.15210994,0.15172392,0.15131602,0.15088208,0.15041803,0.14991975,0.14938313,0.14880404,0.14817841,0.14750214,0.14677109,0.14598116,0.14512828,0.14420827,0.14321709,0.1421506,0.14100464,0.13977523,0.13853782,0.13736852,0.13626395,0.1352208,0.1342357,0.13330524,0.13242617,0.1315951,0.13080867,0.13006353,0.12935638,0.12868379,0.12804252,0.1274291,0.12684025,0.12627263,0.12572287,0.12518759,0.124663495,0.124147214,0.12363539,0.1231247,0.122611746,0.12209322,0.121565774,0.121026054,0.12047072,0.11989638,0.119299725,0.1186774,0.11802602,0.11734231,0.11668441,0.11611003,0.11561506,0.11519541,0.114846945,0.114565566,0.114347205,0.11418768,0.11408295,0.11402884,0.11402131,0.11405624,0.11412949,0.11423697,0.11437456
0.1603303,0.160473,0.16059299,0.1606867,0.16075058,0.16078104,0.16077447,0.1607273,0.16063596,0.16049686,0.16030644,0.16006109,0.1597572,0.1593913,0.15895966,0.15845883,0.15788512,0.15729332,0.15673798,0.15621538,0.15572171,0.15525317,0.15480603,0.1543765,0.15396084,0.15355521,0.15315591,0.15275908,0.15236099,0.15195785,0.15154597,0.15112145,0.15068062,0.15021963,0.14973477,0.14922224,0.14867823,0.148099,0.14748079,0.14681982,0.14611228,0.14535442,0.14454249,0.14367269,0.14274123,0.14174438,0.14067833,0.13953933,0.13832358,0.13710584,0.13596089,0.1348852,0.1338752,0.13292727,0.13203785,0.13120335,0.13042018,0.12968476,0.12899357,0.1283429,0.12772931,0.12714909,0.12659875,0.12607467,0.12557329,0.12509099,0.12462422,0.12416942,0.12372293,0.12328124,0.122840725,0.12239783,0.121948995,0.12149055,0.12101902,0.12053077,0.120022215,0.11948977,0.118929885,0.11833894,0.11771338,0.11710893,0.11658122,0.11612647,0.115740925,0.115420766,0.11516225,0.11496161,0.114815064,0.11471882,0.114669144,0.11466224,0.1146943,0.114761606,0.11486035,0.11498678
0.16030717,0.16046047,0.1605894,0.1606901,0.16075875,0.16079144,0.16078441,0.16073374,0.16063559,0.16048612,0.16028151,0.16001788,0.15969138,0.15929817,0.1588344,0.15829623,0.1576798,0.15704049,0.15643394,0.1558568,0.15530567,0.15477714,0.15426782,0.15377434,0.1532933,0.1528213,0.15235496,0.15189086,0.15142563,0.1509559,0.15047823,0.14998929,0.14948562,0.14896388,0.14842065,0.14785255,0.1472562,0.14662819,0.14596513,0.14526363,0.1445203,0.14373174,0.1428946,0.14200544,0.14106087,0.14005752,0.138992,0.1378609,0.13666084,0.13546559,0.13434857,0.133306,0.13233396,0.13142863,0.13058618,0.12980272,0.12907445,0.12839748,0.12776798,0.1271821,0.12663598,0.1261258,0.12564765,0.12519778,0.12477225,0.12436727,0.12397895,0.123603456,0.12323694,0.12287557,0.12251549,0.12215282,0.12178375,0.121404424,0.12101096,0.12059956,0.12016635,0.11970747,0.11921907,0.118697345,0.1181384,0.11759519,0.11712094,0.11671225,0.11636575,0.116078034,0.1158457,0.1156654,0.11553369,0.11544719,0.11540254,0.11539632,0.11542516,0.11548564,0.11557438,0.11568801
0.16022992,0.1603949,0.16053359,0.16064195,0.1607158,0.16075101,0.1607434,0.16068888,0.1605833,0.1604225,0.16020232,0.15991868,0.15956737,0.15914436,0.15864535,0.15806633,0.15740308,0.15671173,0.15604913,0.15541233,0.15479833,0.15420413,0.15362681,0.1530634,0.15251088,0.15196626,0.15142661,0.15088901,0.15035032,0.14980769,0.14925812,0.1486987,0.14812633,0.1475381,0.14693102,0.14630215,0.14564848,0.14496708,0.1442549,0.14350899,0.14272642,0.1419042,0.14103931,0.14012887,0.13916978,0.13815917,0.13709398,0.13597135,0.13478816,0.13361725,0.13253053,0.13152385,0.13059315,0.12973419,0.12894282,0.12821499,0.12754652,0.12693323,0.12637104,0.12585577,0.12538329,0.12494948,0.12455016,0.1241812,0.12383845,0.12351782,0.12321511,0.12292623,0.12264698,0.12237326,0.122100934,0.12182582,0.12154384,0.12125077,0.120942555,0.120615,0.120264,0.11988538,0.11947502,0.119028755,0.118542485,0.11806604,0.11765007,0.11729164,0.11698772,0.11673537,0.11653159,0.11637344,0.11625792,0.11618207,0.116142906,0.11613745,0.11616275,0.11621579,0.11629363,0.11639329
0.16005437,0.16023156,0.16038056,0.16049695,0.16057625,0.16061407,0.16060595,0.16054736,0.16043395,0.16026121,0.16002475,0.15972006,0.15934274,0.15888834,0.15835235,0.15773037,0.15701796,0.15627198,0.15555058,0.15485115,0.1541712,0.15350819,0.15285957,0.15222281,0.15159535,0.15097469,0.15035824,0.14974348,0.14912787,0.14850894,0.147884,0.14725062,0.1466062,0.14594829,0.14527425,0.14458162,0.14386782,0.14313033,0.14236657,0.141574,0.14075014,0.13989238,0.13899824,0.13806516,0.13709056,0.136072,0.13500683,0.13389254,0.13272661,0.13158074,0.1305253,0.12955585,0.12866797,0.12785715,0.12711896,0.12644902,0.12584281,0.1252959,0.124803856,0.12436221,0.123966545,0.1236124,0.12329529,0.12301083,0.12275452,0.12252192,0.12230861,0.12211013,0.121922016,0.12173986,0.12155914,0.12137551,0.12118442,0.120981485,0.12076223,0.12052226,0.120257035,0.119962186,0.11963323,0.11926573,0.11885523,0.11844842,0.118093245,0.11778718,0.1175277,0.11731223,0.11713823,0.1170032,0.11690457,0.1168398,0.11680635,0.116801694,0.116823286,0.11686858,0.11693504,0.11702013
0.1597907,0.15998062,0.16014037,0.1602651,0.16035016,0.16039068,0.16038193,0.16031918,0.16019756,0.16001238,0.15975891,0.1594323,0.15902779,0.15854067,0.15796612,0.15729938,0.15653569,0.15573277,0.15495001,0.15418534,0.1534367,0.15270203,0.15197913,0.15126601,0.15056053,0.1498607,0.14916424,0.14846925,0.14777353,0.14707504,0.14637168,0.14566132,0.14494194,0.14421144,0.14346766,0.14270857,0.14193209,0.1411361,0.14031851,0.13947728,0.13861026,0.13771535,0.13679057,0.13583371,0.13484272,0.1338155,0.13275002,0.13164416,0.13049577,0.12937556,0.12835227,0.12742114,0.12657747,0.12581645,0.12513328,0.12452322,0.12398149,0.12350337,0.12308401,0.122718744,0.12240271,0.122131184,0.121899396,0.12170259,0.12153596,0.12139476,0.12127421,0.12116959,0.12107606,0.12098891,0.12090334,0.12081459,0.1207179,0.120608486,0.12048158,0.120332465,0.120156296,0.11994834,0.119703844,0.119418025,0.1190861,0.11875148,0.118459344,0.118207596,0.11799417,0.11781692,0.11767383,0.117562756,0.11748162,0.11742836,0.11740084,0.11739702,0.117414765,0.11745202,0.11750668,0.11757668
0.15944901,0.15965216,0.159823,0.15995646,0.1600474,0.16009073,0.16008139,0.1600142,0.15988418,0.15968613,0.159415,0.15906565,0.158633,0.15811194,0.15749745,0.1567843,0.15596744,0.15510544,0.15425916,0.15342695,0.1526072,0.15179826,0.15099853,0.15020639,0.14942019,0.14863832,0.14785916,0.1470811,0.14630252,0.14552172,0.14473714,0.14394718,0.14315014,0.14234444,0.14152847,0.1407006,0.13985918,0.13900258,0.13812923,0.13723746,0.13632564,0.1353922,0.13443543,0.13345379,0.13244563,0.13140933,0.13034318,0.1292457,0.12811515,0.1270211,0.12603074,0.12513903,0.12434078,0.123630926,0.12300438,0.12245603,0.121980764,0.1215735,0.12122918,0.12094261,0.12070874,0.12052251,0.12037873,0.12027236,0.12019832,0.12015145,0.12012669,0.1201189,0.12012305,0.120133996,0.12014664,0.12015587,0.120156616,0.120143756,0.1201122,0.12005683,0.11997258,0.11985432,0.11969696,0.1194954,0.11924455,0.11898441,0.11875727,0.11856155,0.1183956,0.1182578,0.118146546,0.118060194,0.11799711,0.1179557,0.11793431,0.11793134,0.11794513,0.11797411,0.118016616,0.11807102
0.15903948,0.15925626,0.15943858,0.15958098,0.15967801,0.1597243,0.15971428,0.15964264,0.15950388,0.15929256,0.15900321,0.15863045,0.15816878,0.1576128,0.15695707,0.15619607,0.15532447,0.15440162,0.1534899,0.15258811,0.15169509,0.15080974,0.14993086,0.14905736,0.14818808,0.14732182,0.14645751,0.14559391,0.14472996,0.1438645,0.14299634,0.14212435,0.1412474,0.14036438,0.139474,0.13857527,0.13766694,0.13674794,0.13581711,0.13487326,0.13391523,0.13294195,0.13195218,0.13094486,0.12991878,0.12887287,0.1278059,0.12671673,0.12560429,0.124536894,0.12358019,0.122728676,0.12197692,0.12131953,0.120750986,0.1202659,0.1198588,0.11952427,0.11925687,0.119051136,0.11890164,0.11880293,0.11874957,0.11873609,0.118757114,0.11880715,0.118880756,0.11897253,0.11907699,0.1191887,0.11930223,0.119412124,0.11951294,0.119599245,0.119665615,0.119706586,0.1197167,0.11969055,0.11962267,0.11950764,0.11934,0.11915629,0.11899588,0.118857674,0.11874049,0.11864318,0.11856461,0.11850364,0.1184591,0.11842983,0.11841474,0.118412636,0.11842238,0.11844284,0.11847286,0.11851128
0.15857236,0.1588031,0.15899713,0.15914871,0.15925202,0.15930125,0.15929063,0.15921433,0.15906668,0.15884173,0.15853374,0.15813692,0.15764554,0.15705374,0.15635572,0.15554571,0.15461795,0.15363276,0.15265392,0.15168084,0.15071276,0.14974912,0.14878921,0.14783238,0.14687794,0.14592524,0.14497368,0.14402257,0.14307119,0.14211899,0.1411652,0.14020924,0.13925043,0.13828808,0.13732156,0.13635021,0.13537338,0.13439035,0.13340056,0.13240328,0.13139787,0.13038366,0.12936002,0.12832624,0.12728171,0.12622575,0.12515773,0.124076895,0.1229827,0.12194238,0.12101987,0.12020935,0.11950501,0.11890108,0.118391745,0.11797127,0.11763381,0.11737356,0.11718477,0.11706164,0.116998345,0.11698911,0.117028154,0.11710971,0.117227904,0.117377,0.11755121,0.117744744,0.11795178,0.118166536,0.118383214,0.11859603,0.118799224,0.11898695,0.119153425,0.119292885,0.11939951,0.119467534,0.11949111,0.11946452,0.11938192,0.11927632,0.119184144,0.11910468,0.119037315,0.1189814,0.11893623,0.11890118,0.11887557,0.11885874,0.11885008,0.11884888,0.11885447,0.11886624,0.11888346,0.118905574
0.15805775,0.15830275,0.15850879,0.15866973,0.1587794,0.15883167,0.15882038,0.15873939,0.15858257,0.15834373,0.15801674,0.15759544,0.15707369,0.15644534,0.15570422,0.15484418,0.1538591,0.15281029,0.15176305,0.15071718,0.14967263,0.14862913,0.1475866,0.14654474,0.14550354,0.14446275,0.14342226,0.14238185,0.14134139,0.14030075,0.1392597,0.1382181,0.13717578,0.13613264,0.13508844,0.13404305,0.13299629,0.13194801,0.13089806,0.12984623,0.12879242,0.12773642,0.12667808,0.12561728,0.1245538,0.12348748,0.12241815,0.12134572,0.12026995,0.119257055,0.1183692,0.11760028,0.116944075,0.11639451,0.115945406,0.11559058,0.11532391,0.11513927,0.11503047,0.11499138,0.11501584,0.11509771,0.11523082,0.11540903,0.11562621,0.1158762,0.1161528,0.11644993,0.116761416,0.11708108,0.117402814,0.11772043,0.118027814,0.118318774,0.11858723,0.11882693,0.11903183,0.11919569,0.11931239,0.11937581,0.11937977,0.11935367,0.11933086,0.11931121,0.11929456,0.11928073,0.11926958,0.119260915,0.11925459,0.119250424,0.11924825,0.11924799,0.11924936,0.11925228,0.11925654,0.119261995
0.15750585,0.15776531,0.15798351,0.15815395,0.15827014,0.1583255,0.15831357,0.15822777,0.15806167,0.15780872,0.1574624,0.15701623,0.15646365,0.15579818,0.15501325,0.15410244,0.15305914,0.15194571,0.15082899,0.14970933,0.14858706,0.14746252,0.14633603,0.14520797,0.14407866,0.1429485,0.14181772,0.1406867,0.13955581,0.13842537,0.13729574,0.1361672,0.13504018,0.13391495,0.13279189,0.13167131,0.1305536,0.12943903,0.12832798,0.12722075,0.12611777,0.12501928,0.12392571,0.12283731,0.121754505,0.120677575,0.119606875,0.118542776,0.11748557,0.11650032,0.11564755,0.114920676,0.11431323,0.113818705,0.11343056,0.113142274,0.1129474,0.11283932,0.112811595,0.1128577,0.11297111,0.11314532,0.11337379,0.113650054,0.113967575,0.11431981,0.11470027,0.11510247,0.115519844,0.11594592,0.11637415,0.11679805,0.1172111,0.117606774,0.11797856,0.11831995,0.11862442,0.11888549,0.11909661,0.11925126,0.11934296,0.119397454,0.119445,0.11948598,0.11952072,0.11954957,0.11957286,0.11959095,0.11960416,0.11961282,0.119617306,0.11961792,0.11961504,0.119608976,0.11960008,0.119588695
0.15692681,0.15720089,0.15743144,0.15761147,0.15773419,0.1577927,0.1577801,0.15768947,0.15751402,0.15724677,0.15688092,0.15640958,0.15582582,0.15512282,0.15429364,0.15333143,0.1522293,0.15105051,0.14986354,0.14866926,0.14746842,0.14626196,0.14505067,0.14383544,0.14261712,0.14139651,0.14017451,0.13895191,0.13772961,0.13650845,0.13528927,0.13407288,0.1328602,0.13165204,0.13044924,0.12925267,0.12806317,0.12688155,0.12570876,0.12454553,0.12339277,0.12225131,0.121122025,0.12000576,0.11890332,0.117815584,0.116743416,0.11568762,0.11464908,0.113691695,0.112874225,0.1121898,0.11163153,0.11119253,0.110865906,0.11064481,0.11052234,0.11049162,0.11054577,0.11067788,0.11088112,0.11114858,0.1114734,0.11184863,0.1122675,0.11272304,0.11320842,0.11371669,0.11424106,0.11477459,0.11531041,0.115841664,0.11636141,0.116862826,0.117339015,0.117783085,0.118188165,0.1185474,0.11885385,0.11910065,0.11928096,0.11941681,0.1195354,0.119637586,0.11972424,0.11979619,0.11985429,0.119899385,0.11993232,0.11995394,0.11996512,0.119966656,0.11995946,0.11994433,0.119922146,0.11989373
0.15633082,0.15661965,0.15686257,0.15705232,0.15718162,0.15724325,0.15722999,0.1571345,0.1569496,0.156668,0.15628248,0.1557858,0.15517066,0.15442984,0.15355608,0.15254213,0.15138075,0.1501362,0.14887851,0.14760904,0.14632918,0.14504024,0.14374357,0.14244059,0.14113262,0.13982102,0.13850714,0.13719237,0.13587806,0.13456553,0.13325621,0.13195139,0.1306525,0.12936081,0.12807778,0.12680468,0.12554291,0.12429385,0.12305884,0.12183919,0.120636344,0.119451575,0.11828633,0.11714192,0.1160197,0.11492105,0.113847315,0.11279986,0.11178005,0.11085065,0.11006866,0.10942688,0.10891802,0.108534865,0.10827013,0.10811658,0.10806698,0.108114064,0.10825056,0.10846924,0.108762845,0.10912414,0.10954586,0.11002073,0.11054153,0.111101024,0.11169192,0.112307,0.112939,0.11358067,0.11422477,0.11486398,0.115491144,0.11609896,0.11668019,0.1172276,0.117733896,0.11819187,0.11859426,0.118933775,0.119203225,0.11942091,0.11961099,0.11977478,0.11991362,0.12002895,0.12012205,0.12019429,0.1202471,0.120281786,0.12029967,0.12030215,0.12029059,0.12026636,0.120230794,0.12018525
0.15572807,0.15603168,0.15628703,0.15648645,0.1566224,0.15668719,0.15667322,0.15657283,0.15637851,0.1560825,0.15567726,0.15515515,0.15450853,0.15372983,0.15281133,0.15174553,0.1505247,0.14921422,0.14788564,0.14654082,0.14518164,0.14381,0.14242774,0.14103676,0.1396389,0.13823608,0.13683012,0.13542293,0.13401635,0.13261227,0.13121253,0.12981908,0.1284337,0.12705831,0.12569478,0.12434497,0.12301076,0.12169401,0.120396614,0.119120404,0.117867306,0.11663916,0.1154378,0.114265196,0.11312312,0.1120135,0.11093818,0.10989905,0.10889797,0.10799659,0.10725018,0.10665113,0.106191814,0.10586463,0.10566193,0.1055761,0.10559951,0.10572456,0.10594362,0.106249064,0.10663326,0.10708861,0.10760747,0.10818219,0.10880523,0.109468915,0.11016562,0.11088773,0.11162763,0.112377696,0.11313028,0.1138778,0.114612594,0.11532713,0.11601363,0.11666463,0.117272414,0.117829375,0.1183279,0.11876037,0.11911918,0.11941893,0.119680636,0.11990617,0.12009739,0.12025615,0.12038434,0.12048385,0.12055652,0.12060426,0.1206289,0.120632336,0.12061642,0.120583035,0.12053406,0.12047139
0.1551287,0.15544708,0.1557148,0.15592396,0.15606649,0.15613443,0.15611978,0.15601453,0.15581074,0.15550034,0.15507542,0.15452792,0.1538499,0.15303332,0.15207021,0.1509526,0.14967245,0.14829607,0.14689665,0.14547658,0.14403825,0.14258403,0.14111626,0.1396374,0.13814984,0.13665588,0.13515794,0.13365844,0.13215971,0.13066418,0.12917419,0.12769216,0.12622046,0.124761455,0.12331755,0.12189113,0.12048455,0.11910025,0.11774054,0.11640785,0.11510459,0.11383308,0.1125957,0.11139489,0.110233,0.109112434,0.10803558,0.10700477,0.10602242,0.10514902,0.10443815,0.10388179,0.103471965,0.103200674,0.103059925,0.10304173,0.103138104,0.10334103,0.10364253,0.10403463,0.104509324,0.10505861,0.10567449,0.10634899,0.10707409,0.10784183,0.10864421,0.109473236,0.11032091,0.11117923,0.1120402,0.11289587,0.11373823,0.11455926,0.11535096,0.116105385,0.116814524,0.117470376,0.118064955,0.118590236,0.11903828,0.11941999,0.119753264,0.12004045,0.120283924,0.12048613,0.12064937,0.12077609,0.12086866,0.120929405,0.120960794,0.12096517,0.1209449,0.120902404,0.12084001,0.12076018
0.15454288,0.15487593,0.15515602,0.1553748,0.15552391,0.15559497,0.15557964,0.15546955,0.15525638,0.15493166,0.15448712,0.15391444,0.15320514,0.15235092,0.15134342,0.15017426,0.14883511,0.14739323,0.14592339,0.14442848,0.14291136,0.14137499,0.13982221,0.13825595,0.13667908,0.1350945,0.13350508,0.13191375,0.13032337,0.12873687,0.12715708,0.12558697,0.12402937,0.122487225,0.12096336,0.11946075,0.117982216,0.11653069,0.115109056,0.11372018,0.112367,0.11105239,0.10977922,0.10855044,0.10736887,0.10623745,0.10515905,0.10413657,0.10317291,0.102327414,0.10165192,0.1011381,0.10077754,0.1005619,0.10048283,0.10053197,0.10070093,0.10098139,0.10136497,0.101843305,0.10240803,0.10305076,0.10376321,0.104536965,0.10536368,0.10623497,0.10714248,0.1080779,0.1090328,0.10999887,0.11096771,0.11193095,0.112880304,0.11380734,0.11470371,0.11556108,0.11637107,0.11712531,0.11781545,0.11843312,0.118969984,0.11943326,0.119837746,0.1201863,0.12048181,0.12072719,0.120925345,0.121079095,0.12119145,0.12126521,0.121303275,0.121308595,0.121284,0.121232435,0.12115674,0.121059835
0.15398082,0.15432839,0.1546207,0.15484901,0.15500465,0.15507881,0.15506284,0.15494792,0.15472542,0.15438657,0.15392263,0.15332492,0.15258467,0.1516932,0.15064171,0.14942153,0.14802393,0.14651716,0.14497757,0.14340849,0.14181338,0.14019564,0.13855863,0.13690577,0.13524045,0.13356607,0.13188602,0.13020371,0.12852255,0.1268459,0.12517719,0.12351978,0.12187712,0.120252565,0.11864956,0.11707141,0.11552163,0.11400353,0.11252055,0.11107604,0.10967348,0.10831619,0.10700761,0.10575111,0.10455012,0.103408016,0.10232819,0.101314045,0.100369,0.09955125,0.0989109,0.09843928,0.09812759,0.09796721,0.0979493,0.09806523,0.09830621,0.09866353,0.09912848,0.099692315,0.1003463,0.10108176,0.10188992,0.102762066,0.1036895,0.10466345,0.10567523,0.10671606,0.107777275,0.10885014,0.1099259,0.11099582,0.11205123,0.11308335,0.11408346,0.115042895,0.11595287,0.116804644,0.11758954,0.118298836,0.11892373,0.11946789,0.11994296,0.120352365,0.12069947,0.1209877,0.12122042,0.12140106,0.12153301,0.12161964,0.12166435,0.12167058,0.121641695,0.121581115,0.12149222,0.121378414
0.15345266,0.15381457,0.15411893,0.15435666,0.15451871,0.1545959,0.15457927,0.1544596,0.15422793,0.15387513,0.15339206,0.1527697,0.15199892,0.15107067,0.1499758,0.14870535,0.14725015,0.1456794,0.14407097,0.14242879,0.14075676,0.13905872,0.13733858,0.1356003,0.13384771,0.13208474,0.13031527,0.12854321,0.12677245,0.12500688,0.123250425,0.12150692,0.11978032,0.1180745,0.11639335,0.11474077,0.113120675,0.11153693,0.10999345,0.108494125,0.10704285,0.10564354,0.10430008,0.10301633,0.10179624,0.1006437,0.09956254,0.09855677,0.09763019,0.096839935,0.0962344,0.095804565,0.09554126,0.09543544,0.09547805,0.09565994,0.09597208,0.09640536,0.09695068,0.09759899,0.098341174,0.099168174,0.10007088,0.101040184,0.10206709,0.10314242,0.10425714,0.105402105,0.10656828,0.10774662,0.10892793,0.110103205,0.11126335,0.11239924,0.11350185,0.114562035,0.11557073,0.11651886,0.11739731,0.11819706,0.11890897,0.11953302,0.12007784,0.12054733,0.120945394,0.121275954,0.12154284,0.121750005,0.12190131,0.122000635,0.12205194,0.12205911,0.12202598,0.12195649,0.121854536,0.12172401
0.15296856,0.15334454,0.15366073,0.1539077,0.15407601,0.15415625,0.15413894,0.15401468,0.153774,0.15340745,0.15290563,0.15225905,0.15145834,0.15049401,0.14935659,0.14803672,0.14652494,0.14489137,0.14321537,0.14150138,0.13975377,0.13797688,0.13617514,0.13435294,0.13251466,0.13066463,0.1288073,0.12694709,0.12508832,0.12323541,0.12139271,0.11956464,0.117755614,0.11596997,0.11421209,0.11248639,0.110797256,0.10914907,0.10754619,0.10599305,0.104494035,0.10305349,0.10167582,0.10036543,0.099126704,0.097964,0.09688174,0.0958843,0.09497605,0.09421298,0.093641855,0.09325317,0.093037546,0.09298555,0.093087696,0.09333459,0.09371676,0.094224796,0.094849244,0.09558066,0.09640961,0.09732665,0.09832237,0.09938729,0.10051199,0.10168704,0.102902986,0.10415038,0.105419815,0.10670184,0.10798701,0.10926587,0.11052901,0.111766994,0.11297035,0.11412968,0.11523549,0.116278365,0.11724892,0.11813765,0.118935145,0.11963779,0.12025125,0.1207799,0.12122811,0.12160028,0.121900804,0.12213403,0.122304395,0.12241627,0.12247403,0.12248206,0.122444786,0.12236653,0.12225174,0.1221048
0.15253869,0.15292841,0.1532562,0.1535122,0.15368669,0.15376985,0.1537519,0.15362307,0.1533736,0.15299365,0.15247345,0.15180328,0.15097329,0.14997368,0.1487947,0.14742659,0.14585951,0.14416456,0.14242259,0.14063838,0.13881686,0.13696292,0.13508134,0.13317712,0.13125497,0.12931986,0.12737669,0.12543023,0.12348536,0.12154702,0.11962005,0.11770927,0.11581961,0.113955915,0.11212306,0.11032587,0.10856926,0.106858075,0.10519722,0.10359152,0.102045834,0.100565106,0.099154115,0.097817786,0.09656098,0.09538851,0.094305314,0.09331621,0.09242611,0.091689855,0.09115253,0.09080436,0.09063557,0.090636365,0.090796955,0.091107585,0.091558434,0.092139736,0.09284172,0.09365459,0.09456856,0.095573835,0.09666065,0.09781921,0.09903973,0.10031243,0.10162754,0.10297527,0.104345806,0.1057294,0.10711625,0.10849658,0.1098606,0.111198545,0.112500615,0.113757014,0.11495797,0.116093695,0.11715442,0.11813036,0.119011715,0.11979142,0.1204721,0.12105869,0.12155604,0.121969,0.12230244,0.12256127,0.12275031,0.12287443,0.122938536,0.122947454,0.12290609,0.1228193,0.12269191,0.1225288
0.15217327,0.15257637,0.15291536,0.15318014,0.15336059,0.15344661,0.1534281,0.15329485,0.15303679,0.15264381,0.15210581,0.15141265,0.15055418,0.14952031,0.14830093,0.1468859,0.14526512,0.14351049,0.14170429,0.13985185,0.13795847,0.13602948,0.13407029,0.13208619,0.1300825,0.12806457,0.12603778,0.12400739,0.12197879,0.11995731,0.11794831,0.11595708,0.11398898,0.112049334,0.110143505,0.108276814,0.1064546,0.1046822,0.102964945,0.101308174,0.09971723,0.09819747,0.09675418,0.09539275,0.09411847,0.09293671,0.0918528,0.090872094,0.08999989,0.089289986,0.088785835,0.08847734,0.08835436,0.088406794,0.088624485,0.088997364,0.08951526,0.09016811,0.09094575,0.09183809,0.09283497,0.093926325,0.09510199,0.096351884,0.09766585,0.09903379,0.100445576,0.10189109,0.10336024,0.10484287,0.10632887,0.107808106,0.10927049,0.110705905,0.112104185,0.11345528,0.114749014,0.11597527,0.11712395,0.11818494,0.119148105,0.12000293,0.12074926,0.12139241,0.12193769,0.12239046,0.12275606,0.1230398,0.12324708,0.12338319,0.12345347,0.12346323,0.12341785,0.123322695,0.12318303,0.123004235
0.15188244,0.15229847,0.1526483,0.15292159,0.15310782,0.15319662,0.15317743,0.15303995,0.15277363,0.15236808,0.1518128,0.15109743,0.15021147,0.14914447,0.14788604,0.14642566,0.14475295,0.14294063,0.14107232,0.13915381,0.13719092,0.13518938,0.133155,0.13109362,0.12901096,0.12691289,0.12480512,0.12269354,0.12058388,0.11848192,0.11639348,0.11432436,0.11228034,0.110267214,0.10829078,0.10635683,0.10447114,0.102639526,0.100867756,0.09916166,0.097527005,0.0959696,0.094495215,0.09310963,0.09181869,0.09062817,0.089543834,0.088571504,0.087716945,0.087032884,0.086561166,0.086291365,0.08621302,0.086315714,0.08658898,0.08702238,0.08760546,0.08832781,0.08917895,0.09014846,0.09122588,0.09240077,0.09366269,0.095001206,0.09640586,0.09786624,0.09937182,0.10091225,0.102477044,0.104055755,0.10563794,0.1072132,0.108771,0.11030101,0.11179268,0.11323564,0.11461939,0.11593354,0.11716763,0.11831119,0.1193538,0.12028161,0.12109166,0.121789694,0.12238153,0.12287298,0.12326978,0.12357776,0.12380271,0.123950444,0.12402671,0.124037325,0.12398809,0.123884805,0.1237332,0.12353913
0.15167639,0.1521048,0.15246508,0.15274651,0.15293834,0.15302974,0.15301003,0.1528684,0.15259415,0.1521765,0.15160467,0.15086794,0.14995557,0.14885674,0.14756073,0.14605683,0.14433421,0.14246646,0.14053845,0.13855644,0.13652663,0.13445525,0.13234857,0.13021278,0.12805417,0.12587892,0.12369327,0.12150347,0.11931578,0.11713635,0.114971474,0.112827405,0.11071032,0.10862651,0.10658214,0.10458349,0.1026368,0.10074827,0.09892417,0.09717067,0.09549408,0.0939006,0.092396446,0.090987876,0.08968111,0.08848238,0.08739794,0.086434,0.0855968,0.084938,0.08449783,0.08426565,0.084230624,0.08438201,0.08470909,0.08520108,0.08584721,0.086636744,0.08755893,0.088603,0.08975821,0.09101381,0.092359036,0.09378312,0.09527534,0.096824884,0.09842106,0.10005308,0.1017102,0.10338167,0.10505671,0.106724605,0.10837453,0.1099958,0.11157762,0.113109276,0.114579976,0.115978956,0.11729552,0.11851884,0.11963819,0.12063654,0.121508144,0.122259244,0.12289607,0.12342483,0.123851836,0.1241832,0.12442527,0.12458421,0.12466627,0.12467771,0.12462474,0.12451358,0.124350466,0.12414166
0.15156524,0.15200551,0.15237573,0.15266497,0.15286207,0.15295601,0.15293576,0.15279022,0.1525084,0.15207918,0.15149158,0.15073448,0.14979686,0.14866766,0.14733586,0.14579035,0.14402011,0.14209944,0.14011443,0.13807172,0.13597797,0.13383986,0.13166402,0.12945715,0.12722582,0.12497677,0.12271667,0.120452076,0.11818971,0.115936235,0.113698274,0.111482516,0.10929559,0.10714415,0.105034895,0.10297443,0.100969456,0.09902657,0.097152516,0.09535387,0.09363732,0.09200951,0.09047712,0.08904678,0.087725155,0.08651892,0.08543471,0.084479176,0.08365899,0.08302476,0.08261525,0.08241943,0.08242623,0.0826246,0.0830035,0.08355188,0.08425866,0.08511281,0.08610329,0.087219015,0.088448964,0.08978206,0.09120726,0.09271349,0.09428976,0.09592494,0.097608045,0.09932796,0.1010737,0.10283415,0.104598284,0.10635505,0.1080934,0.10980226,0.11147063,0.11308741,0.11464158,0.11612202,0.11751775,0.11881767,0.12001078,0.12107689,0.122007646,0.122809716,0.12348975,0.124054424,0.124510385,0.12486428,0.12512274,0.1252925,0.12538014,0.12539232,0.12533575,0.12521705,0.12504289,0.124819875
0.15155923,0.1520107,0.15239038,0.15268695,0.15288909,0.15298542,0.15296465,0.15281542,0.1525264,0.15208624,0.15148365,0.15070729,0.14974579,0.14858784,0.14722209,0.14563721,0.14382188,0.14185107,0.139812,0.13771175,0.13555735,0.13335593,0.13111445,0.12884004,0.12653978,0.12422066,0.121889785,0.11955418,0.11722096,0.11489712,0.112589784,0.11030595,0.10805274,0.105837174,0.10366631,0.10154722,0.099487,0.097492635,0.095571235,0.09372988,0.09197557,0.090315394,0.08875643,0.08730572,0.08597031,0.08475728,0.0836737,0.082726605,0.08192307,0.08131268,0.080932744,0.080771916,0.08081891,0.08106235,0.081490904,0.08209324,0.08285804,0.08377396,0.08482966,0.08601381,0.08731508,0.08872215,0.09022365,0.091808274,0.09346467,0.09518154,0.09694749,0.09875125,0.10058145,0.10242676,0.10427583,0.10611739,0.10794001,0.10973241,0.11148327,0.113181256,0.11481497,0.11637317,0.117844425,0.1192175,0.120480984,0.121611804,0.122599036,0.12344979,0.12417111,0.124770045,0.12525365,0.12562901,0.1259032,0.12608324,0.1261762,0.12618913,0.12612912,0.1260032,0.12581848,0.12558195
0.15166847,0.1521305,0.15251903,0.15282252,0.15302935,0.15312794,0.15310669,0.15295397,0.15265822,0.15220779,0.15159115,0.1507967,0.14981276,0.14862779,0.1472302,0.14560837,0.14375073,0.1417328,0.13964294,0.13748862,0.13527718,0.13301612,0.13071293,0.12837495,0.12600973,0.12362464,0.12122713,0.11882466,0.11642468,0.11403463,0.11166193,0.10931405,0.10699842,0.104722485,0.102493696,0.10031952,0.09820734,0.09616462,0.09419883,0.09231737,0.09052773,0.08883735,0.08725362,0.08578404,0.08443602,0.083217025,0.0821345,0.08119585,0.080408566,0.07982121,0.07946968,0.07934239,0.07942774,0.07971412,0.08018993,0.080843605,0.081663504,0.08263804,0.083755635,0.08500469,0.08637355,0.08785071,0.08942449,0.09108335,0.09281565,0.09460981,0.09645423,0.09833732,0.10024744,0.102173045,0.10410253,0.10602428,0.10792668,0.10979815,0.11162713,0.11340196,0.11511105,0.11674285,0.1182857,0.11972804,0.12105826,0.122250415,0.123291224,0.124188125,0.124948576,0.12558001,0.12608986,0.12648559,0.12677465,0.12696443,0.12706245,0.12707609,0.12701282,0.1268801,0.12668534,0.12643595
0.15190321,0.15237498,0.15277176,0.15308164,0.15329286,0.15339354,0.15337183,0.15321589,0.15291387,0.15245394,0.15182425,0.15101296,0.1500082,0.14879814,0.147371,0.14571483,0.14381784,0.14175619,0.13961911,0.13741437,0.13514984,0.13283326,0.13047248,0.12807527,0.12564945,0.12320284,0.1207432,0.11827838,0.11581614,0.11336431,0.1109307,0.10852306,0.10614927,0.10381712,0.10153436,0.09930884,0.09714833,0.09506067,0.093053624,0.09113503,0.0893127,0.08759437,0.08598792,0.084501125,0.08314177,0.08191768,0.080836646,0.079906486,0.079135,0.0785698,0.07824544,0.078150034,0.078271784,0.07859882,0.079119295,0.079821385,0.080693245,0.081723005,0.082898855,0.08420892,0.08564139,0.087184384,0.08882606,0.09055462,0.09235818,0.0942249,0.09614296,0.09810049,0.10008566,0.10208661,0.104091525,0.10608851,0.108065784,0.11001148,0.11191373,0.113760725,0.1155406,0.11724152,0.11885162,0.120359086,0.12175207,0.12300192,0.1240931,0.1250334,0.12583065,0.12649265,0.1270272,0.12744206,0.1277451,0.1279441,0.12804684,0.12806113,0.1279948,0.12785563,0.12765145,0.12739003
0.15227354,0.15275428,0.15315858,0.15347442,0.15368961,0.15379222,0.15377007,0.15361114,0.1533034,0.15283473,0.15219305,0.15136635,0.15034248,0.14910945,0.14765514,0.14596748,0.14403445,0.14193265,0.13975215,0.13750112,0.13518769,0.13281998,0.13040616,0.12795438,0.12547275,0.12296939,0.12045248,0.11793016,0.115410514,0.11290177,0.11041199,0.10794935,0.105521955,0.103137985,0.10080556,0.09853283,0.09632791,0.094198965,0.092154115,0.09020151,0.08834928,0.086605586,0.084978536,0.0834763,0.08210701,0.08087876,0.07979976,0.0788781,0.07812193,0.07757795,0.07727936,0.077214114,0.07737014,0.07773534,0.07829768,0.079045065,0.07996545,0.08104676,0.08227692,0.08364384,0.08513548,0.086739786,0.08844465,0.09023801,0.09210781,0.09404199,0.09602846,0.09805517,0.10011002,0.10218098,0.10425595,0.10632289,0.108369716,0.11038433,0.112354726,0.11426878,0.11611444,0.11787966,0.11955232,0.121120416,0.122571826,0.123875424,0.12501355,0.1259943,0.12682581,0.1275163,0.12807381,0.12850653,0.1288226,0.12903014,0.1291373,0.12915222,0.12908304,0.1289379,0.12872493,0.12845226
0.15278962,0.15327848,0.1536896,0.15401073,0.15422958,0.15433392,0.15431142,0.15414982,0.15383689,0.15336034,0.15270784,0.1518672,0.1508261,0.14957228,0.14809345,0.1463774,0.14441179,0.14227366,0.14005391,0.13776089,0.13540311,0.13298903,0.1305271,0.1280257,0.12549333,0.12293845,0.12036948,0.11779487,0.11522309,0.11266257,0.11012174,0.10760909,0.105133064,0.102702074,0.10032458,0.09800907,0.095763944,0.09359767,0.09151871,0.08953545,0.087656416,0.08589004,0.08424472,0.08272895,0.08135117,0.080119826,0.07904336,0.07813023,0.07738888,0.07686507,0.07659083,0.07655383,0.076741844,0.07714256,0.07774374,0.07853307,0.07949831,0.08062719,0.081907414,0.08332673,0.08487286,0.08653353,0.08829647,0.09014942,0.09208009,0.09407619,0.096125476,0.09821569,0.100334525,0.102469735,0.10460901,0.106740125,0.10885076,0.11092874,0.11296165,0.1149373,0.11684341,0.11866772,0.12039793,0.12202177,0.12352701,0.1248801,0.12606144,0.12707944,0.12794259,0.12865925,0.12923796,0.1296871,0.13001516,0.13023062,0.13034184,0.13035735,0.13028553,0.13013487,0.1299138,0.1296308
0.15346175,0.15395775,0.15437491,0.15470074,0.15492281,0.15502867,0.15500583,0.15484188,0.15452433,0.15404077,0.15337875,0.15252575,0.1514694,0.15019721,0.14869669,0.14695546,0.14496103,0.14279078,0.14053611,0.1382058,0.13580856,0.13335314,0.13084827,0.12830266,0.125725,0.12312411,0.120508656,0.117887385,0.11526903,0.11266231,0.110075936,0.107518695,0.10499924,0.10252637,0.10010878,0.097755186,0.09547435,0.093274966,0.0911658,0.08915557,0.08725296,0.08546677,0.08380567,0.08227842,0.08089376,0.079660386,0.078587055,0.07768247,0.076955386,0.07645069,0.07619921,0.076188445,0.07640598,0.07683936,0.07747612,0.07830383,0.07931,0.080482215,0.08180801,0.08327491,0.084870495,0.086582296,0.08839786,0.09030477,0.092290506,0.09434268,0.0964488,0.098596424,0.100773126,0.1029664,0.10516385,0.107353,0.10952135,0.11165656,0.11374608,0.11577748,0.11773833,0.119616166,0.12139854,0.123073004,0.124627054,0.12602516,0.12724572,0.12829758,0.12918936,0.12992987,0.13052782,0.13099192,0.13133088,0.13155346,0.13166839,0.13168441,0.1316102,0.13145454,0.13122612,0.13093373
0.15429996,0.15480217,0.15522452,0.1555544,0.15577923,0.1558864,0.15586329,0.15569727,0.1553758,0.15488622,0.15421595,0.15335234,0.15228283,0.15099478,0.1494756,0.1477127,0.14569342,0.14349537,0.14121057,0.1388479,0.1364164,0.13392502,0.13138278,0.12879862,0.12618156,0.12354052,0.12088453,0.11822256,0.11556356,0.112916544,0.1102905,0.10769437,0.10513715,0.10262783,0.100175366,0.09778878,0.095477,0.09324904,0.09111385,0.089080445,0.08715778,0.08535486,0.08368062,0.08214409,0.08075422,0.079519995,0.07845039,0.07755439,0.07684098,0.076354235,0.076123826,0.076137185,0.07638165,0.07684464,0.07751356,0.07837579,0.07941872,0.08062974,0.08199626,0.08350566,0.08514532,0.08690266,0.088765085,0.09071993,0.09275463,0.09485658,0.09701314,0.09921177,0.10143976,0.1036846,0.10593361,0.10817423,0.11039383,0.11257981,0.11471959,0.116800524,0.11881003,0.120735444,0.122564234,0.12428375,0.1258814,0.12731962,0.1285753,0.12965728,0.13057473,0.1313365,0.13195159,0.13242899,0.1327777,0.13300669,0.13312492,0.13314135,0.13306504,0.1329049,0.13266994,0.13236913
0.15531452,0.15582183,0.1562485,0.15658174,0.15680885,0.15691714,0.15689376,0.15672608,0.15640134,0.15590675,0.15522961,0.15435722,0.1532768,0.15197562,0.15044092,0.14866,0.14662015,0.14439905,0.14208902,0.13969925,0.137239,0.1347174,0.13214369,0.12952706,0.1268767,0.124201804,0.121511556,0.11881523,0.11612194,0.11344093,0.11078135,0.10815246,0.10556341,0.10302342,0.100541696,0.09812741,0.09578979,0.09353801,0.091381274,0.08932881,0.08738976,0.08557336,0.08388881,0.08234529,0.08095202,0.07971816,0.07865296,0.07776558,0.077065215,0.07659517,0.0763841,0.07641924,0.076687895,0.07717728,0.07787469,0.07876739,0.07984262,0.08108769,0.0824898,0.0840363,0.085714355,0.087511316,0.08941438,0.09141087,0.09348799,0.095633045,0.09783331,0.100076,0.10234842,0.104637824,0.10693147,0.10921662,0.11148054,0.113710515,0.11589376,0.118017614,0.120069265,0.12203603,0.12390514,0.12566386,0.1272995,0.12877274,0.13005896,0.13116735,0.13210708,0.1328874,0.13351746,0.13400652,0.13436368,0.13459828,0.13471937,0.13473623,0.13465804,0.13449402,0.13425331,0.13394517
0.15651555,0.15702689,0.15745689,0.15779279,0.15802172,0.15813082,0.15810728,0.15793827,0.15761094,0.15711245,0.15642996,0.15555066,0.15446168,0.15315022,0.15160343,0.14980845,0.14775245,0.14551318,0.14318323,0.14077196,0.13828877,0.13574299,0.13314405,0.13050133,0.1278242,0.12512207,0.12240429,0.11968024,0.11695935,0.11425094,0.11156444,0.10890921,0.10629464,0.1037301,0.10122501,0.09878871,0.096430615,0.09416008,0.0919865,0.08991927,0.08796776,0.086141355,0.08444943,0.082901396,0.0815066,0.08027445,0.07921431,0.07833557,0.07764763,0.077192985,0.07699936,0.07705389,0.07734378,0.07785616,0.078578204,0.07949706,0.080599934,0.08187395,0.08330628,0.08488409,0.08659457,0.08842484,0.09036207,0.09239344,0.094506115,0.09668724,0.09892402,0.10120355,0.103513055,0.10583968,0.10817058,0.1104929,0.112793855,0.115060575,0.11728019,0.11943997,0.121526934,0.12352836,0.12543139,0.12722313,0.1288908,0.13039364,0.13170567,0.13283631,0.13379495,0.13459094,0.13523366,0.13573252,0.13609686,0.13633615,0.13645968,0.13647689,0.13639714,0.13622983,0.13598429,0.13566996
0.15791322,0.15842739,0.15885976,0.15919755,0.15942775,0.15953745,0.1595138,0.15934382,0.1590147,0.15851343,0.15782715,0.15694296,0.15584797,0.15452923,0.15297383,0.15116891,0.14910151,0.14684933,0.14450501,0.14207809,0.13957806,0.13701452,0.13439694,0.1317349,0.1290379,0.12631546,0.12357714,0.120832495,0.11809102,0.11536224,0.11265569,0.10998095,0.10734749,0.10476488,0.102242626,0.099790275,0.097417355,0.0951334,0.09294795,0.090870515,0.08891065,0.087077886,0.08538173,0.08383174,0.08243744,0.08120836,0.08015402,0.079283975,0.07860774,0.07816712,0.077988975,0.07806036,0.07836838,0.07890016,0.07964276,0.08058328,0.081708804,0.08300644,0.084463276,0.086066395,0.087802894,0.089659855,0.09162439,0.0936836,0.09582453,0.09803433,0.10030004,0.10260878,0.104947634,0.10730371,0.10966409,0.11201585,0.11434611,0.116641946,0.11889045,0.121078745,0.12319386,0.12522292,0.12715305,0.12897131,0.13066477,0.13219148,0.13352434,0.13467292,0.13564679,0.13645543,0.13710834,0.13761513,0.1379853,0.13822836,0.13835385,0.1383713,0.13829032,0.13812034,0.13787091,0.13755159
0.15951772,0.1600335,0.16046724,0.16080604,0.16103695,0.16114703,0.16112328,0.16095279,0.16062264,0.16011982,0.15943141,0.15854447,0.15744604,0.15612318,0.15456297,0.15275238,0.15067855,0.14841893,0.1460661,0.14362966,0.14111933,0.1385447,0.1359154,0.13324112,0.13053149,0.12779611,0.12504469,0.12228682,0.119532175,0.11679038,0.11407111,0.11138396,0.1087386,0.10614468,0.10361183,0.10114969,0.098767936,0.09647617,0.09428406,0.092201225,0.090237334,0.08840203,0.08670494,0.08515571,0.083764,0.08253944,0.081491664,0.08063034,0.07996509,0.07953706,0.079372294,0.079457864,0.07978081,0.08032819,0.08108705,0.08204446,0.083187446,0.08450307,0.085978396,0.08760046,0.089356326,0.09123304,0.09321765,0.09529721,0.09745878,0.099689394,0.10197614,0.10430602,0.10666612,0.109043494,0.111425176,0.11379822,0.1161497,0.118466645,0.12073611,0.12294516,0.12508082,0.12713018,0.12908025,0.13091812,0.13263083,0.13417536,0.13552384,0.13668586,0.1376711,0.13848919,0.13914976,0.13966246,0.14003694,0.14028284,0.14040983,0.14042749,0.14034554,0.14017357,0.13992123,0.13959818
0.16123056,0.16174656,0.16218054,0.16251953,0.16275057,0.16286068,0.16283692,0.16266637,0.16233605,0.16183294,0.16114417,0.16025677,0.15915775,0.15783425,0.15627319,0.1544617,0.15238678,0.15012567,0.14777069,0.14533155,0.14281796,0.14023963,0.13760628,0.13492763,0.13221338,0.12947318,0.12671688,0.12395406,0.12119448,0.11844784,0.11572387,0.11303227,0.11038271,0.107784994,0.10524875,0.10278372,0.10039962,0.09810612,0.09591298,0.093829885,0.09186656,0.0900327,0.088338025,0.08679223,0.08540507,0.084186204,0.08314536,0.08229225,0.081636585,0.0812189,0.081064634,0.081160836,0.08149452,0.08205277,0.08282261,0.083791085,0.08494525,0.086272135,0.0877588,0.0893923,0.09115965,0.09304792,0.095044136,0.09713536,0.09930862,0.101551004,0.103849486,0.10619117,0.10856309,0.11095225,0.113345765,0.11573063,0.11809389,0.12042261,0.12270384,0.12492462,0.12707196,0.12913297,0.13109463,0.13294403,0.13466822,0.13622351,0.13758133,0.1387514,0.1397435,0.14056729,0.14123243,0.1417487,0.1421258,0.14237338,0.14250128,0.14251903,0.14243652,0.14226335,0.14200924,0.14168398
0.16294633,0.16346124,0.16389433,0.1642326,0.16446313,0.16457303,0.16454934,0.1643791,0.16404946,0.16354744,0.16286014,0.16197461,0.1608779,0.15955713,0.15799937,0.15619165,0.15412107,0.15186451,0.1495139,0.14707895,0.14456941,0.14199504,0.1393655,0.13669059,0.13397999,0.13124345,0.12849075,0.1257315,0.12297551,0.12023249,0.11751217,0.114824295,0.11217856,0.109584704,0.1070525,0.10459161,0.102211796,0.09992278,0.09773432,0.095656104,0.09369788,0.09186937,0.090180315,0.08864045,0.08725946,0.0860471,0.08501312,0.08416724,0.08351916,0.08310898,0.08296166,0.083064266,0.08340389,0.0839676,0.084742464,0.085715525,0.0868739,0.088204615,0.08969479,0.09133148,0.09310176,0.094992705,0.09699137,0.099084824,0.10126017,0.10350444,0.10580475,0.10814816,0.11052172,0.11291252,0.115307614,0.117694125,0.120059066,0.12238953,0.1246726,0.12689534,0.12904485,0.13110812,0.1330723,0.13492447,0.13665165,0.13820988,0.13957028,0.14074264,0.14173663,0.14256194,0.14322835,0.14374562,0.14412338,0.14437148,0.1444996,0.14451742,0.14443472,0.14426124,0.14400665,0.14368075
0.16466485,0.16517745,0.16560858,0.16594529,0.16617475,0.16628411,0.16626053,0.16609113,0.16576298,0.16526327,0.1645791,0.16369765,0.16260596,0.16129124,0.15974063,0.15794124,0.15588015,0.15363386,0.15129378,0.14886962,0.14637108,0.1438079,0.14118971,0.13852626,0.13582723,0.13310236,0.13036126,0.12761374,0.12486945,0.12213807,0.119429365,0.11675298,0.114118636,0.111536026,0.109014854,0.10656484,0.10419564,0.10191701,0.0997386,0.09767017,0.095721364,0.0939019,0.092221506,0.09068987,0.08931667,0.08811163,0.08708444,0.086244814,0.08560244,0.08519704,0.08505331,0.08515834,0.08549931,0.08606332,0.08683753,0.08780902,0.08896497,0.090292506,0.091778725,0.09341082,0.09517584,0.09706101,0.0990534,0.10114016,0.10330839,0.105545275,0.10783793,0.11017347,0.11253902,0.114921756,0.11730876,0.1196872,0.122044176,0.12436686,0.12664235,0.12885778,0.1310003,0.13305701,0.13501509,0.13686162,0.13858378,0.14013757,0.14149415,0.14266314,0.14365424,0.14447726,0.14514178,0.14565755,0.14603427,0.14628166,0.14640936,0.14642717,0.14634474,0.14617173,0.14591786,0.14559287
0.1663861,0.16689509,0.16732314,0.16765754,0.16788544,0.16799402,0.16797058,0.16780232,0.16747649,0.16698028,0.16630091,0.16542555,0.16434154,0.163036,0.16149625,0.1597094,0.15766273,0.15543213,0.15310849,0.15070133,0.1482204,0.14567521,0.1430755,0.14043084,0.13775085,0.1350452,0.13232349,0.12959535,0.12687045,0.12415837,0.121468775,0.11881127,0.1161955,0.11363108,0.111127645,0.10869483,0.10634226,0.104079574,0.1019164,0.09986236,0.09792708,0.0961202,0.09445134,0.09293015,0.091566235,0.09036925,0.08934879,0.08851451,0.087876044,0.087472856,0.0873295,0.08743319,0.087771155,0.0883306,0.08909874,0.09006286,0.0912101,0.09252771,0.094002955,0.095623,0.09737509,0.09924644,0.1012243,0.103295825,0.10544832,0.10766895,0.10994495,0.112263545,0.11461196,0.116977416,0.119347125,0.121708326,0.12404821,0.12635402,0.128613,0.13081232,0.13293925,0.13498098,0.13692474,0.13875775,0.14046726,0.14200963,0.1433562,0.14451654,0.1455004,0.14631733,0.14697696,0.14748897,0.14786291,0.14810847,0.14823523,0.1482529,0.14817104,0.1479993,0.14774734,0.14742476
0.1681098,0.16861407,0.16903819,0.16936941,0.16959518,0.16970281,0.1696796,0.1695129,0.16919008,0.16869847,0.16802539,0.1671582,0.16608424,0.1647909,0.1632654,0.1614952,0.15946755,0.15725781,0.1549561,0.1525719,0.1501147,0.1475941,0.14501955,0.14240058,0.13974674,0.1370675,0.13437241,0.13167097,0.12897268,0.1262871,0.12362375,0.12099209,0.11840168,0.11586203,0.11338266,0.11097306,0.10864277,0.10640133,0.10425821,0.102222964,0.10030507,0.0985141,0.09685951,0.09535085,0.09399766,0.0928094,0.09179564,0.09096585,0.090329595,0.089926176,0.08978018,0.089878924,0.090209775,0.09076004,0.09151708,0.09246825,0.09360086,0.09490226,0.0963598,0.09796082,0.09969265,0.10154263,0.1034981,0.10554642,0.10767492,0.10987093,0.11212182,0.11441487,0.116737485,0.11907698,0.12142068,0.12375594,0.12607013,0.12835056,0.13058451,0.13275942,0.1348626,0.1368814,0.13880314,0.14061512,0.14230475,0.14382905,0.14515986,0.14630665,0.14727892,0.14808628,0.1487382,0.14924419,0.14961375,0.14985643,0.14998175,0.1499992,0.14991829,0.14974856,0.14949957,0.14918076
0.16983587,0.17033434,0.17075352,0.17108093,0.17130412,0.17141047,0.17138755,0.17122275,0.17090368,0.17041774,0.16975243,0.16889524,0.1678337,0.16655524,0.16504736,0.16329752,0.1612933,0.15910926,0.15683468,0.15447897,0.15205146,0.14956151,0.14701848,0.14443177,0.14181069,0.13916461,0.13650298,0.13383506,0.1311703,0.12851802,0.12588757,0.12328835,0.12072974,0.11822104,0.11577166,0.11339096,0.1110883,0.108873054,0.106754586,0.10474224,0.102845415,0.10107345,0.09943572,0.09794159,0.09660044,0.09542159,0.09441444,0.09358837,0.092952706,0.092546776,0.09239529,0.09248572,0.092805564,0.09334232,0.09408346,0.09501648,0.096128866,0.097408086,0.098841645,0.10041701,0.10212168,0.10394318,0.10586893,0.10788645,0.10998322,0.112146735,0.11436446,0.11662393,0.11891258,0.1212179,0.12352741,0.12582856,0.12810892,0.13035582,0.13255687,0.13469952,0.13677125,0.1387596,0.140652,0.14243591,0.1440989,0.14559887,0.14690843,0.14803693,0.14899373,0.14978822,0.15042974,0.15092766,0.15129134,0.15153013,0.15165344,0.15167059,0.151591,0.15142399,0.15117894,0.15086521
0.17156416,0.1720558,0.17246926,0.17279221,0.17301229,0.1731172,0.17309456,0.17293203,0.17261733,0.17213807,0.17148186,0.17063645,0.16958946,0.16832852,0.16684128,0.16511548,0.16313869,0.1609849,0.15874243,0.15642041,0.15402806,0.15157448,0.14906892,0.14652053,0.14393851,0.141332,0.13871025,0.13608229,0.13345745,0.13084485,0.12825365,0.12569302,0.123172164,0.120700285,0.118286476,0.11593999,0.11366998,0.11148559,0.10939606,0.107410535,0.10553816,0.10378816,0.10216969,0.10069193,0.09936407,0.098195255,0.0971947,0.09637155,0.095735,0.0953244,0.09516472,0.09524369,0.09554891,0.096068084,0.096788816,0.09769879,0.09878568,0.100037135,0.10144079,0.10298434,0.104655415,0.10644168,0.1083308,0.11031042,0.11236819,0.11449183,0.11666891,0.11888715,0.12113418,0.12339767,0.12566526,0.12792465,0.13016345,0.13236934,0.13452998,0.13663304,0.13866614,0.14061697,0.14247318,0.14422242,0.14585233,0.14732213,0.14860536,0.14971119,0.15064874,0.15142721,0.15205583,0.15254372,0.1529001,0.15313408,0.15325493,0.15327175,0.15319376,0.15303013,0.15278997,0.15248255
0.17329451,0.17377837,0.17418525,0.17450312,0.17471972,0.17482297,0.17480072,0.17464076,0.17433102,0.17385931,0.17321353,0.1723815,0.17135108,0.17011012,0.16864643,0.16694798,0.16500248,0.16288319,0.16067736,0.15839393,0.15604183,0.15363005,0.15116756,0.14866324,0.1461261,0.14356509,0.14098918,0.13840725,0.13582832,0.13326134,0.13071525,0.128199,0.12572156,0.12329188,0.12091889,0.1186116,0.116378896,0.11422976,0.11217319,0.11021806,0.10837339,0.10664809,0.105051145,0.103591494,0.10227809,0.10111989,0.10012586,0.09930492,0.09866608,0.09824878,0.09807848,0.09814299,0.09843019,0.098927945,0.099624075,0.100506455,0.101562954,0.102781385,0.10414964,0.10565553,0.107286975,0.10903177,0.110877775,0.112812854,0.114824876,0.11690166,0.1190311,0.12120102,0.123399295,0.12561376,0.12783226,0.13004266,0.13223282,0.13439058,0.13650383,0.13856038,0.14054811,0.14245485,0.14426845,0.14597681,0.14756775,0.14900193,0.150254,0.15133297,0.1522478,0.15300742,0.15362078,0.15409683,0.15444456,0.15467289,0.15479079,0.15480718,0.15473111,0.15457141,0.15433711,0.15403715
0.17502682,0.17550197,0.1759016,0.17621374,0.17642647,0.17652786,0.176506,0.17634894,0.17604476,0.17558147,0.17494728,0.17413013,0.17311819,0.1718995,0.17046201,0.16879396,0.16688335,0.1648025,0.16263758,0.16039734,0.15809028,0.15572529,0.15331098,0.15085606,0.14836928,0.14585927,0.14333478,0.14080445,0.13827707,0.13576128,0.13326575,0.13079925,0.12837045,0.12598804,0.12366071,0.1213972,0.11920618,0.11709639,0.115076475,0.11315514,0.11134112,0.10964311,0.10806976,0.106629826,0.105331995,0.10418494,0.10319741,0.10237804,0.10173559,0.10130972,0.10112643,0.10117374,0.10143977,0.10191256,0.10258018,0.103430726,0.10445224,0.1056328,0.106960505,0.10842339,0.11000953,0.11170703,0.11350392,0.1153883,0.117348224,0.11937176,0.121447,0.123562016,0.12570485,0.12786357,0.13002631,0.13218105,0.13431594,0.13641901,0.13847834,0.14048201,0.14241806,0.14427464,0.1460397,0.1477014,0.1492478,0.1506412,0.15185772,0.15290603,0.15379485,0.15453288,0.15512882,0.15559135,0.15592922,0.15615104,0.15626559,0.15628155,0.15620762,0.15605246,0.1558248,0.15553336
0.17676088,0.17722656,0.17761819,0.1779241,0.17813258,0.17823195,0.17821053,0.1780566,0.1777585,0.17730449,0.17668293,0.17588215,0.17489037,0.17369597,0.17228724,0.1706525,0.16878001,0.16674134,0.16462128,0.16242826,0.16017078,0.15785721,0.15549585,0.15309529,0.15066384,0.14820996,0.14574203,0.14326853,0.14079781,0.1383383,0.13589846,0.13348666,0.13111132,0.12878087,0.12650374,0.12428828,0.122142985,0.12007624,0.11809647,0.11621206,0.114431456,0.112763055,0.11121526,0.10979655,0.10851529,0.10737988,0.1063988,0.105580404,0.10493313,0.10449698,0.10429854,0.10432612,0.10456802,0.10501257,0.10564808,0.106462814,0.10744514,0.10858337,0.10986574,0.11128061,0.11281629,0.1144611,0.11620334,0.11803126,0.119933255,0.1218976,0.1239126,0.12596658,0.12804781,0.13014464,0.13224539,0.13433833,0.13641179,0.13845406,0.14045347,0.14239834,0.14427695,0.14607763,0.14778867,0.14939839,0.1508951,0.15224306,0.15341987,0.15443398,0.1552938,0.15600778,0.15658425,0.1570317,0.15735851,0.1575731,0.15768391,0.15769933,0.15762782,0.15747772,0.1572575,0.1569756
0.1784966,0.17895204,0.17933509,0.17963424,0.17983815,0.17993534,0.17991437,0.1797638,0.17947227,0.17902826,0.17842036,0.17763716,0.17666721,0.17549908,0.17412132,0.17252252,0.17069122,0.16869803,0.16662647,0.16448465,0.1622807,0.16002274,0.15771881,0.15537708,0.15300563,0.15061256,0.148206,0.14579402,0.14338474,0.1409863,0.13860673,0.1362542,0.1339368,0.13166258,0.12943973,0.12727632,0.12518044,0.1231602,0.1212237,0.11937907,0.117634445,0.11599784,0.1144774,0.113081254,0.11181747,0.11069421,0.109719515,0.10890152,0.10824832,0.1078003,0.10758474,0.10759024,0.10780534,0.10821864,0.10881868,0.10959404,0.1105333,0.111624986,0.11285768,0.11421998,0.115700416,0.11728758,0.11896999,0.120736286,0.12257498,0.12447464,0.12642387,0.12841119,0.13042521,0.13245444,0.13448751,0.13651295,0.13851932,0.14049521,0.14242916,0.1443098,0.1461256,0.14786525,0.14951716,0.15107,0.15251233,0.15381046,0.15494384,0.15592049,0.15674853,0.15743612,0.15799129,0.15842222,0.15873696,0.15894365,0.15905033,0.15906519,0.15899631,0.15885179,0.15863968,0.15836819
0.1802338,0.18067831,0.18105213,0.18134417,0.18154317,0.18163803,0.18161756,0.18147062,0.18118608,0.18075271,0.1801594,0.17939498,0.17844832,0.17730819,0.17596349,0.17440304,0.17261568,0.17067103,0.16865122,0.16656414,0.16441745,0.162219,0.1599765,0.15769774,0.15539049,0.15306254,0.15072162,0.14837554,0.14603202,0.14369889,0.14138389,0.13909477,0.13683933,0.13462532,0.1324605,0.1303527,0.12830958,0.12633903,0.12444876,0.12264653,0.12094013,0.1193373,0.117845856,0.1164735,0.1152281,0.11411735,0.11314902,0.11233092,0.11167079,0.11120943,0.11097496,0.11095622,0.11114208,0.111521386,0.112082966,0.112815626,0.11370828,0.11474967,0.11592872,0.11723424,0.11865507,0.120180085,0.12179804,0.123497866,0.12526837,0.12709837,0.12897675,0.1308923,0.13283388,0.1347904,0.1367506,0.13870336,0.14063753,0.14254192,0.14440541,0.14621682,0.14796501,0.14963879,0.151227,0.15271851,0.15410215,0.15534656,0.15643294,0.1573692,0.15816294,0.15882206,0.15935427,0.15976733,0.16006908,0.16026719,0.16036949,0.16038372,0.16031767,0.16017912,0.15997581,0.15971553
0.18197235,0.18240534,0.18276943,0.18305388,0.18324773,0.18334009,0.18332016,0.18317705,0.18289989,0.1824778,0.18189986,0.18115532,0.18023326,0.17912275,0.17781296,0.17629302,0.17455211,0.17265876,0.17069377,0.16866452,0.16657847,0.164443,0.16226551,0.1600535,0.15781426,0.15555528,0.1532839,0.15100765,0.14873381,0.14646988,0.14422324,0.14200133,0.13981149,0.1376612,0.13555786,0.13350888,0.13152163,0.12960358,0.12776208,0.12600462,0.12433856,0.122771315,0.12131028,0.11996294,0.118736625,0.11763879,0.11667681,0.11585812,0.11519015,0.11471412,0.11445914,0.11441426,0.11456865,0.11491147,0.1154318,0.11611884,0.11696164,0.1179494,0.11907115,0.12031616,0.12167344,0.123132184,0.1246815,0.12631057,0.12800841,0.12976426,0.13156721,0.13340642,0.13527092,0.13714999,0.13903262,0.14090806,0.14276534,0.14459366,0.1463821,0.14811984,0.14979598,0.15139963,0.15291998,0.15434611,0.15566719,0.15685427,0.15789065,0.15878375,0.15954098,0.16016969,0.16067739,0.16107146,0.16135927,0.1615483,0.16164584,0.16165945,0.16159643,0.16146427,0.16127032,0.16102205
0.18371211,0.184133,0.18448693,0.18476339,0.18495184,0.18504164,0.18502228,0.18488315,0.18461373,0.1842034,0.18364167,0.18291794,0.18202159,0.18094213,0.17966896,0.17819148,0.17649922,0.17465965,0.1727521,0.17078356,0.1687611,0.16669178,0.1645826,0.16244055,0.16027276,0.1580862,0.15588789,0.15368491,0.15148428,0.149293,0.14711815,0.14496677,0.14284585,0.14076245,0.1387236,0.13673632,0.13480766,0.13294467,0.13115431,0.1294437,0.12781985,0.12628978,0.12486051,0.123539105,0.12233257,0.121247984,0.120292336,0.11947268,0.11879603,0.11830419,0.11802717,0.11795443,0.118075415,0.11837953,0.11885619,0.11949491,0.12028505,0.12121606,0.12227737,0.12345845,0.12474869,0.12613757,0.12761447,0.12916887,0.13079017,0.13246785,0.13419127,0.13594994,0.13773327,0.13953067,0.1413316,0.14312549,0.14490177,0.14664985,0.14835921,0.15001929,0.15161943,0.15314919,0.15459792,0.15595509,0.15721013,0.1583367,0.1593203,0.16016783,0.16088645,0.16148317,0.16196498,0.16233896,0.16261211,0.16279146,0.16288406,0.16289696,0.16283716,0.16271174,0.16252768,0.1622921
0.18545295,0.18586124,0.18620461,0.1864728,0.18665557,0.18674271,0.1867239,0.18658893,0.18632756,0.18592955,0.18538459,0.1846825,0.18381296,0.18276577,0.18153064,0.18009739,0.17845573,0.17667212,0.17482433,0.17291903,0.17096284,0.16896234,0.16692427,0.16485523,0.16276184,0.16065072,0.15852855,0.15640193,0.15427756,0.15216205,0.15006201,0.14798407,0.14593495,0.1439212,0.14194949,0.1400265,0.1381588,0.13635306,0.13461594,0.13295402,0.13137402,0.12988251,0.12848616,0.12719159,0.12600547,0.12493441,0.123985045,0.12316405,0.12247802,0.12196936,0.121669054,0.121566944,0.12165273,0.1219162,0.12234706,0.12293514,0.12367008,0.12454167,0.12553969,0.1266539,0.12787402,0.1291898,0.13059098,0.13206732,0.13360862,0.13520454,0.13684489,0.1385194,0.14021786,0.14192994,0.14364548,0.1453541,0.14704575,0.14871001,0.15033671,0.15191557,0.15343635,0.15488875,0.15626262,0.15754764,0.15873359,0.15979686,0.16072516,0.16152512,0.16220337,0.16276655,0.16322128,0.16357423,0.16383202,0.1640013,0.16408873,0.16410089,0.16404445,0.1639261,0.16375238,0.16352996
0.18719468,0.18758993,0.18792237,0.18818204,0.18835898,0.18844333,0.18842515,0.1882945,0.18804145,0.18765612,0.18712853,0.18644877,0.18560691,0.18459308,0.18339732,0.18200973,0.18042034,0.17869458,0.17690861,0.17506866,0.173181,0.17125177,0.16928726,0.16729368,0.16527727,0.16324425,0.16120085,0.15915331,0.15710782,0.15507065,0.15304804,0.15104616,0.14907125,0.14712958,0.14522737,0.14337079,0.14156617,0.13981964,0.13813746,0.1365259,0.13499114,0.13353942,0.13217698,0.13091004,0.12974481,0.12868755,0.12774448,0.12692182,0.12622578,0.12569937,0.12537469,0.12524189,0.12529102,0.12551212,0.12589534,0.12643069,0.12710829,0.1279182,0.12885047,0.12989528,0.13104255,0.13228245,0.1336051,0.13500047,0.1364587,0.13796987,0.13952403,0.14111122,0.14272165,0.14434524,0.14597218,0.14759248,0.14919627,0.15077358,0.15231451,0.15380913,0.15524751,0.15661973,0.15791589,0.15912604,0.16024026,0.1612378,0.16210872,0.16285923,0.16349556,0.1640239,0.16445054,0.16478166,0.16502355,0.16518235,0.16526435,0.16527578,0.16522284,0.16511177,0.1649488,0.16474016
0.18893716,0.1893191,0.18964028,0.18989117,0.19006215,0.19014364,0.19012608,0.18999983,0.18975535,0.189383,0.18887323,0.18821648,0.18740311,0.18642354,0.18526818,0.18392748,0.18239179,0.18072546,0.17900302,0.17723027,0.175413,0.17355704,0.17166814,0.1697522,0.16781496,0.16586222,0.16389985,0.16193359,0.15996923,0.15801263,0.1560696,0.15414591,0.15224738,0.15037979,0.14854898,0.14676073,0.14502087,0.14333516,0.14170946,0.14014958,0.13866127,0.13725035,0.13592267,0.13468398,0.13354011,0.13249686,0.13156004,0.13073544,0.1300289,0.12948398,0.12913401,0.12896943,0.12898058,0.12915796,0.12949193,0.12997293,0.13059135,0.1313376,0.1322021,0.13317525,0.1342475,0.13540922,0.13665086,0.13796282,0.13933548,0.14075926,0.14222462,0.14372192,0.1452416,0.14677408,0.14830972,0.14983897,0.15135227,0.15283997,0.15429257,0.15570042,0.15705387,0.15834345,0.15955952,0.16069247,0.16173276,0.16266257,0.16347432,0.16417383,0.16476691,0.16525939,0.16565704,0.16596569,0.16619113,0.16633916,0.16641559,0.16642621,0.16637687,0.16627334,0.16612148,0.16592698
0.1906803,0.19104858,0.19135827,0.1916002,0.19176507,0.19184366,0.19182672,0.191705,0.19146924,0.19111021,0.19061866,0.1899854,0.18920106,0.18825649,0.18714242,0.18584962,0.18436882,0.18276319,0.18110564,0.17940158,0.17765625,0.17587516,0.17406362,0.17222704,0.17037074,0.16850007,0.16662051,0.16473734,0.16285595,0.16098176,0.15912007,0.15727632,0.15545581,0.15366396,0.15190613,0.15018773,0.14851405,0.14689054,0.1453225,0.14381537,0.14237449,0.14100522,0.13971293,0.13850302,0.13738085,0.13635181,0.13542123,0.1345945,0.13387701,0.13331297,0.13293692,0.13273968,0.13271187,0.13284431,0.1331278,0.13355304,0.1341108,0.13479178,0.13558686,0.13648666,0.137482,0.1385637,0.13972236,0.14094888,0.14223392,0.14356826,0.14494269,0.1463479,0.14777471,0.14921387,0.15065609,0.15209214,0.15351279,0.15490878,0.15627086,0.1575898,0.15885638,0.16006128,0.16119532,0.16224922,0.16321377,0.16407412,0.16482529,0.1654726,0.16602139,0.1664771,0.16684507,0.16713066,0.16733927,0.16747624,0.16754697,0.16755679,0.16751112,0.16741535,0.1672748,0.16709486
0.19242388,0.19277832,0.19307637,0.19330919,0.19346783,0.19354348,0.19352715,0.19341002,0.19318312,0.19283766,0.19236459,0.19175513,0.19100037,0.19009137,0.18901926,0.18777515,0.1863501,0.18480617,0.18321459,0.18158028,0.17990819,0.1782032,0.17647026,0.17471437,0.17294036,0.1711532,0.16935784,0.16755918,0.16576217,0.1639717,0.16219276,0.16043028,0.1586891,0.15697432,0.15529066,0.1536432,0.15203685,0.15047649,0.14896707,0.14751354,0.1461208,0.14479382,0.14353749,0.1423568,0.14125659,0.14024185,0.13931753,0.1384885,0.13775972,0.13717611,0.13677345,0.13654278,0.13647522,0.13656193,0.13679388,0.13716231,0.13765824,0.1382728,0.13899712,0.13982224,0.14073934,0.14173943,0.14281367,0.14395317,0.14514904,0.14639235,0.14767414,0.1489857,0.15031798,0.15166211,0.1530092,0.15435037,0.15567671,0.15697932,0.15824932,0.1594778,0.16065583,0.16177459,0.16282511,0.16379854,0.16468595,0.16547562,0.16616504,0.16675916,0.16726285,0.16768114,0.16801885,0.168281,0.16847244,0.16859818,0.16866308,0.16867211,0.16863023,0.1685423,0.16841327,0.16824812
0.19416788,0.19450824,0.19479449,0.1950181,0.19517048,0.19524312,0.19522744,0.19511496,0.19489706,0.19456522,0.19411089,0.19352554,0.19280066,0.19192763,0.19089794,0.18970306,0.1883344,0.18685286,0.185328,0.1837643,0.18216617,0.18053816,0.17888477,0.17721045,0.1755197,0.17381701,0.17210682,0.17039363,0.16868195,0.16697626,0.16528103,0.16360073,0.16193989,0.16030292,0.15869434,0.15711866,0.15558034,0.15408386,0.15263371,0.15123439,0.14989035,0.14860606,0.14738607,0.14623481,0.14515679,0.14415647,0.14323835,0.14240693,0.14166662,0.14106314,0.14063343,0.14036892,0.14026104,0.14030129,0.14048113,0.14079197,0.14122532,0.14177258,0.14242522,0.14317474,0.14401253,0.14493006,0.14591882,0.14697027,0.14807582,0.14922695,0.15041508,0.15163171,0.15286827,0.15411627,0.15536705,0.15661219,0.15784304,0.15905114,0.1602279,0.16136476,0.16245322,0.16348471,0.16445068,0.1653426,0.16615191,0.16686998,0.16749693,0.16803719,0.16849522,0.16887556,0.16918269,0.16942106,0.16959517,0.16970947,0.16976851,0.16977675,0.16973862,0.16965866,0.16954134,0.16939116
0.19591202,0.19623826,0.19651265,0.196727,0.19687305,0.1969427,0.1969277,0.19681984,0.19661097,0.19629288,0.1958574,0.19529633,0.19460148,0.19376464,0.19277766,0.19163229,0.19032039,0.18890165,0.18744391,0.18595123,0.18442763,0.18287712,0.18130375,0.1797116,0.17810462,0.1764869,0.17486246,0.17323534,0.17160957,0.16998918,0.16837814,0.16678058,0.16520053,0.16364196,0.16210896,0.16060549,0.15913567,0.15770349,0.15631297,0.15496816,0.15367313,0.15243182,0.1512484,0.15012674,0.14907101,0.14808515,0.14717324,0.14633934,0.1455874,0.14496386,0.14450684,0.1442082,0.14405972,0.14405316,0.14418043,0.14443332,0.14480358,0.14528303,0.14586353,0.14653687,0.14729483,0.14812927,0.14903192,0.14999464,0.15100926,0.15206754,0.15316135,0.15428244,0.15542267,0.15657376,0.15772761,0.15887602,0.16001076,0.16112365,0.16220655,0.16325116,0.1642494,0.16519304,0.16607383,0.16688369,0.16761436,0.16826037,0.16882433,0.16931035,0.16972241,0.17006455,0.17034082,0.17055528,0.17071189,0.17081475,0.17086783,0.17087524,0.17084096,0.17076904,0.17066349,0.17052838
0.19765618,0.19796833,0.19823083,0.19843587,0.19857563,0.19864224,0.19862786,0.1985247,0.1983249,0.19802055,0.19760396,0.1970672,0.19640245,0.19560185,0.19465762,0.19356188,0.19230682,0.19095095,0.18956046,0.18813892,0.18668991,0.18521705,0.18372385,0.18221396,0.18069094,0.17915834,0.1776198,0.17607887,0.1745391,0.17300414,0.17147751,0.16996284,0.16846368,0.16698363,0.1655263,0.1640952,0.16269396,0.16132617,0.15999538,0.15870522,0.1574592,0.15626097,0.1551141,0.15402213,0.15298869,0.15201731,0.15111165,0.15027525,0.14951164,0.14886796,0.14838359,0.14805073,0.14786154,0.14780816,0.1478828,0.14807753,0.14838463,0.1487962,0.14930442,0.14990142,0.15057945,0.15133053,0.15214697,0.15302087,0.15394437,0.15490967,0.15590896,0.15693435,0.15797801,0.15903212,0.16008885,0.16114038,0.16217881,0.16319636,0.16418518,0.16513744,0.1660453,0.16690087,0.1676964,0.16842404,0.16907589,0.16964968,0.17015061,0.17058228,0.17094827,0.17125216,0.17149755,0.17168799,0.17182712,0.17191845,0.17196564,0.17197222,0.17194179,0.17187788,0.17178413,0.17166413
0.19940026,0.19969834,0.199949,0.20014481,0.20027821,0.20034182,0.2003281,0.20022957,0.20003879,0.1997482,0.1993504,0.19883788,0.19820312,0.19743867,0.19653706,0.19549079,0.19429237,0.19299918,0.19167572,0.19032514,0.18895051,0.187555,0.18614173,0.18471381,0.18327448,0.18182674,0.18037379,0.17891878,0.17746475,0.17601496,0.17457242,0.17314033,0.17172185,0.1703201,0.16893816,0.16757922,0.16624634,0.16494274,0.1636715,0.16243578,0.16123869,0.16008335,0.15897293,0.15791059,0.15689938,0.15594248,0.15504302,0.15420416,0.15342894,0.15276523,0.15225366,0.15188676,0.15165699,0.15155694,0.15157908,0.15171596,0.1519601,0.15230401,0.15274018,0.15326117,0.15385948,0.1545276,0.15525806,0.1560434,0.15687615,0.1577488,0.15865389,0.15958391,0.16053137,0.16148882,0.16244876,0.1634037,0.1643462,0.1652687,0.1661638,0.167024,0.16784178,0.16860966,0.16932018,0.16996588,0.17053923,0.171041,0.17147914,0.17185666,0.17217673,0.17244254,0.17265712,0.17282368,0.17294537,0.17302525,0.17306651,0.17307226,0.17304562,0.17298976,0.17290775,0.17280279
0.20114416,0.2014282,0.20166712,0.2018537,0.20198092,0.20204152,0.20202845,0.20193453,0.20175269,0.20147574,0.20109661,0.20060813,0.20000313,0.19927454,0.19841522,0.19741802,0.19627579,0.19504483,0.19378786,0.19250762,0.1912068,0.189888,0.18855402,0.18720745,0.18585104,0.18448749,0.18311945,0.18174961,0.18038069,0.17901531,0.17765625,0.17630611,0.17496762,0.17364348,0.17233637,0.17104895,0.16978395,0.16854401,0.16733183,0.16615014,0.16500159,0.16388887,0.16281465,0.16178168,0.16079259,0.15985008,0.15895684,0.1581156,0.15732896,0.15664546,0.1561069,0.15570629,0.1554364,0.15529008,0.15526028,0.15533982,0.15552157,0.15579842,0.1561632,0.15660882,0.15712814,0.15771398,0.15835929,0.15905686,0.1597996,0.1605804,0.16139211,0.16222756,0.1630797,0.16394126,0.16480525,0.1656645,0.16651182,0.16734016,0.16814235,0.16891125,0.16963975,0.17032069,0.17094696,0.17151144,0.17200696,0.17243746,0.17281325,0.1731371,0.17341171,0.1736397,0.17382382,0.17396668,0.17407107,0.17413962,0.174175,0.17417991,0.17415708,0.17410912,0.17403881,0.17394878
0.20288761,0.20315786,0.20338517,0.20356275,0.20368372,0.20374139,0.20372893,0.20363958,0.20346661,0.20320308,0.20284238,0.20237763,0.20180203,0.20110886,0.20029128,0.1993425,0.19825579,0.19708624,0.19589493,0.19468413,0.19345608,0.19221307,0.1909573,0.18969105,0.18841653,0.18713602,0.18585177,0.18456602,0.183281,0.18199903,0.18072227,0.179453,0.1781935,0.17694595,0.17571267,0.17449589,0.17329781,0.17212076,0.17096695,0.16983858,0.16873798,0.16766733,0.16662896,0.16562504,0.16465782,0.16372961,0.1628426,0.16199906,0.1612013,0.16049834,0.15993337,0.15949956,0.15919012,0.15899833,0.1589173,0.15894033,0.15906063,0.15927139,0.1595658,0.15993713,0.16037856,0.16088332,0.16144465,0.1620557,0.16270973,0.16339993,0.16411956,0.1648618,0.16561985,0.16638696,0.16715632,0.16792119,0.1686747,0.16941017,0.17012075,0.17079966,0.1714401,0.17203535,0.17257854,0.17306297,0.17348179,0.17384194,0.17415638,0.17442733,0.17465706,0.17484784,0.17500186,0.17512141,0.17520872,0.17526606,0.17529568,0.17529981,0.17528069,0.17524059,0.17518175,0.1751064
0.20463052,0.20488723,0.20510313,0.20527175,0.2053867,0.20544147,0.20542967,0.2053448,0.2051805,0.20493025,0.20458758,0.20414615,0.20359942,0.202941,0.20216444,0.20126331,0.2002311,0.19912186,0.197995,0.19685243,0.19569588,0.19452722,0.1933483,0.19216084,0.19096671,0.18976773,0.18856576,0.18736254,0.18615994,0.18495977,0.18376385,0.18257397,0.18139198,0.1802197,0.17905891,0.17791148,0.1767792,0.17566387,0.17456736,0.17349142,0.17243792,0.1714087,0.1704055,0.16943021,0.16848458,0.1675705,0.16668975,0.16584416,0.16503555,0.16431369,0.16372287,0.16325665,0.16290857,0.1626722,0.16254112,0.16250879,0.16256885,0.16271487,0.16294037,0.16323888,0.16360398,0.16402926,0.16450824,0.16503446,0.1656015,0.16620292,0.16683224,0.16748308,0.16814895,0.16882339,0.16949998,0.17017229,0.17083384,0.17147823,0.172099,0.17268968,0.1732438,0.17375499,0.17421678,0.17462268,0.17496634,0.17525756,0.17551184,0.17573096,0.17591676,0.176071,0.17619559,0.17629224,0.17636283,0.17640921,0.17643316,0.17643651,0.17642105,0.1763886,0.17634103,0.17628013
0.20637281,0.20661628,0.20682102,0.20698096,0.20708996,0.2071419,0.20713072,0.20705025,0.20689437,0.206657,0.20633207,0.20591342,0.20539491,0.20477049,0.204034,0.20317934,0.20220044,0.20115012,0.20008625,0.19901028,0.19792357,0.19682755,0.19572356,0.19461308,0.19349746,0.19237809,0.1912564,0.19013381,0.18901163,0.18789133,0.18677431,0.18566196,0.18455568,0.18345684,0.18236688,0.18128714,0.1802191,0.17916413,0.1781236,0.17709891,0.17609148,0.17510273,0.17413405,0.1731868,0.17226239,0.17136225,0.17048776,0.16964036,0.16882136,0.16808128,0.1674654,0.16696773,0.16658211,0.16630244,0.16612259,0.16603644,0.1660379,0.16612087,0.1662792,0.16650681,0.16679756,0.16714537,0.16754411,0.16798767,0.16846997,0.16898482,0.16952614,0.17008787,0.17066385,0.17124799,0.17183416,0.17241625,0.17298815,0.17354377,0.17407696,0.17458163,0.17505169,0.17548098,0.1758634,0.1761929,0.17646326,0.17668739,0.17688304,0.17705166,0.17719461,0.17731333,0.17740917,0.17748357,0.17753792,0.1775736,0.17759202,0.1775946,0.17758268,0.17755774,0.17752112,0.17747426
0.20811424,0.20834486,0.2085388,0.20869021,0.20879348,0.20884268,0.20883209,0.20875584,0.20860825,0.20838343,0.20807567,0.20767914,0.20718807,0.20659664,0.2058991,0.20508966,0.20416248,0.20316939,0.20216674,0.20115544,0.20013653,0.19911098,0.19807981,0.19704403,0.1960046,0.19496246,0.19391873,0.19287431,0.19183022,0.19078748,0.18974702,0.18870991,0.18767706,0.18664955,0.18562832,0.18461436,0.1836087,0.18261231,0.18162623,0.1806513,0.17968875,0.17873937,0.17780429,0.1768844,0.17598076,0.17509434,0.17422612,0.17337716,0.17254835,0.1717908,0.17115095,0.17062297,0.17020114,0.16987966,0.1696527,0.16951455,0.16945934,0.1694813,0.16957471,0.16973366,0.16995247,0.17022528,0.17054634,0.17090988,0.17131004,0.17174108,0.17219721,0.17267263,0.17316155,0.17365822,0.17415683,0.17465153,0.17513663,0.17560625,0.17605467,0.17647605,0.17686467,0.17721467,0.1775203,0.17777574,0.17797525,0.1781344,0.17827338,0.1783931,0.17849462,0.17857891,0.17864697,0.1786998,0.1787384,0.17876373,0.17877683,0.17877863,0.1787702,0.17875247,0.17872646,0.17869319
0.20985472,0.21007289,0.21025638,0.21039966,0.21049733,0.21054389,0.21053384,0.21046174,0.2103221,0.21010944,0.20981823,0.20944309,0.20897847,0.20841897,0.20775901,0.20699316,0.206116,0.20517823,0.20423459,0.20328568,0.20233217,0.20137465,0.20041367,0.19944991,0.19848391,0.1975163,0.19654769,0.19557871,0.1946099,0.19364186,0.19267529,0.1917107,0.19074872,0.18978998,0.18883508,0.18788458,0.18693912,0.18599932,0.18506572,0.184139,0.1832197,0.18230851,0.1814059,0.1805126,0.17962916,0.17875622,0.17789428,0.17704408,0.17620613,0.17543206,0.17476931,0.17421247,0.173756,0.17339449,0.17312242,0.17293434,0.17282474,0.1727882,0.17281917,0.17291224,0.17306186,0.1732626,0.173509,0.17379555,0.17411679,0.17446724,0.17484142,0.17523387,0.17563908,0.1760516,0.17646593,0.17687662,0.17727818,0.17766516,0.17803201,0.17837335,0.17868364,0.17895742,0.17918918,0.1793735,0.1795049,0.17960164,0.1796861,0.1797589,0.17982061,0.17987186,0.17991321,0.17994533,0.17996879,0.1799842,0.17999217,0.17999326,0.17998813,0.17997734,0.17996153,0.17994131
0.21159412,0.21180037,0.2119738,0.21210927,0.2122016,0.21224561,0.21223615,0.21216795,0.21203591,0.21183488,0.2115596,0.21120493,0.21076572,0.21023677,0.2096129,0.20888895,0.2080597,0.20717488,0.20628783,0.20539875,0.20450792,0.2036155,0.20272177,0.20182696,0.20093128,0.20003502,0.19913834,0.19824152,0.19734477,0.19644834,0.19555242,0.19465728,0.19376318,0.1928703,0.19197893,0.19108924,0.19020148,0.1893159,0.1884327,0.18755217,0.18667449,0.18579993,0.1849287,0.184061,0.18319714,0.18233731,0.18148175,0.18063067,0.17978431,0.17899477,0.17831051,0.17772636,0.17723712,0.17683761,0.17652269,0.1762871,0.17612572,0.17603342,0.17600496,0.1760352,0.1761189,0.17625095,0.17642611,0.17663924,0.1768852,0.17715876,0.17745475,0.17776799,0.17809333,0.17842554,0.17875949,0.17908998,0.17941184,0.17971991,0.18000901,0.18027392,0.18050952,0.18071055,0.18087195,0.18098846,0.18105492,0.18109217,0.1811247,0.18115272,0.18117653,0.18119626,0.1812122,0.18122454,0.18123357,0.18123952,0.1812426,0.181243,0.18124102,0.18123691,0.18123081,0.18122299
0.21333225,0.21352713,0.213691,0.21381904,0.21390629,0.2139479,0.21393894,0.21387449,0.21374974,0.21355973,0.2132996,0.21296448,0.21254942,0.21204959,0.21146002,0.2107759,0.20999226,0.2091579,0.20832466,0.20749243,0.2066611,0.2058306,0.20500073,0.20417143,0.20334256,0.20251398,0.20168562,0.20085734,0.20002903,0.19920056,0.1983718,0.19754264,0.196713,0.1958827,0.19505163,0.19421975,0.19338688,0.19255288,0.19171768,0.19088113,0.19004312,0.18920356,0.18836229,0.1875192,0.18667419,0.18582715,0.18497793,0.18412647,0.18327253,0.18246879,0.1817645,0.1811548,0.1806348,0.18019962,0.17984433,0.17956407,0.17935395,0.17920902,0.17912444,0.17909531,0.17911679,0.17918389,0.17929177,0.17943552,0.17961028,0.17981109,0.18003315,0.18027149,0.18052125,0.18077752,0.18103544,0.18129009,0.18153657,0.18177004,0.18198554,0.18217823,0.1823432,0.18247552,0.18257035,0.1826228,0.18262792,0.182609,0.18259251,0.18257828,0.18256623,0.18255623,0.18254812,0.18254183,0.18253727,0.18253426,0.18253271,0.18253247,0.18253349,0.1825356,0.18253867,0.18254264
0.21506895,0.21525314,0.21540803,0.21552902,0.21561149,0.21565078,0.2156423,0.21558142,0.21546352,0.21528396,0.21503814,0.21472141,0.21432915,0.21385676,0.21329959,0.21265303,0.21191245,0.21112563,0.21034311,0.20956446,0.20878921,0.20801695,0.20724721,0.20647955,0.20571353,0.2049487,0.2041846,0.2034208,0.20265687,0.20189232,0.20112672,0.20035966,0.19959065,0.1988193,0.19804509,0.19726762,0.19648643,0.1957011,0.19491115,0.19411618,0.19331568,0.19250925,0.19169642,0.19087677,0.19004986,0.18921518,0.18837234,0.18752092,0.18666041,0.18584377,0.18512115,0.18448794,0.18393947,0.18347116,0.18307838,0.18275648,0.18250088,0.18230692,0.18216999,0.18208544,0.18204868,0.18205509,0.18210003,0.18217887,0.18228698,0.18241978,0.18257259,0.18274084,0.18291984,0.18310504,0.18329175,0.1834754,0.18365134,0.18381494,0.1839616,0.18408668,0.18418556,0.1842536,0.18428622,0.18427874,0.18422657,0.18415518,0.18409288,0.18403918,0.18399364,0.18395583,0.18392532,0.18390161,0.18388431,0.18387294,0.18386708,0.18386628,0.18387005,0.183878,0.18388966,0.1839046
0.21669815,0.21687259,0.21701927,0.2171339,0.217212,0.21724924,0.2172412,0.21718355,0.21707189,0.21690178,0.2166689,0.21636893,0.21599735,0.21554993,0.21502218,0.21440977,0.21370828,0.21296465,0.21222821,0.21149816,0.2107738,0.21005438,0.20933917,0.20862745,0.20791842,0.20721136,0.20650558,0.20580024,0.20509471,0.20438813,0.20367983,0.20296907,0.20225511,0.20153719,0.20081455,0.20008649,0.19935223,0.19861114,0.19786228,0.19710505,0.1963387,0.19556244,0.19477555,0.19397731,0.19316691,0.19234371,0.19150688,0.19065574,0.18978949,0.18896148,0.18822251,0.18756819,0.18699418,0.1864961,0.18606952,0.18571007,0.18541348,0.18517523,0.18499105,0.18485644,0.1847671,0.18471865,0.18470672,0.18472686,0.18477479,0.18484603,0.18493626,0.1850411,0.18515615,0.18527707,0.18539941,0.18551882,0.185631,0.18573144,0.18581581,0.1858798,0.18591894,0.1859289,0.18590526,0.18584366,0.18573974,0.18562095,0.1855173,0.1854279,0.18535216,0.18528926,0.18523847,0.18519902,0.18517023,0.18515131,0.18514156,0.18514019,0.18514651,0.18515974,0.18517913,0.18520398
0.21812049,0.21828642,0.21842602,0.21853505,0.21860933,0.21864475,0.21863715,0.21858226,0.21847601,0.2183142,0.21809271,0.2178073,0.21745382,0.21702817,0.2165261,0.21594347,0.21527614,0.21457022,0.21387397,0.21318638,0.21250644,0.21183321,0.21116558,0.21050264,0.20984338,0.20918678,0.2085319,0.20787765,0.207223,0.20656714,0.20590885,0.20524722,0.20458132,0.20391004,0.20323247,0.20254754,0.20185427,0.2011517,0.2004388,0.19971454,0.19897793,0.19822803,0.19746377,0.1966842,0.1958883,0.19507508,0.19424348,0.19339259,0.19252135,0.19168338,0.19093011,0.19025743,0.1896611,0.189137,0.18868092,0.18828876,0.18795632,0.18767942,0.18745396,0.18727566,0.18714039,0.18704411,0.18698248,0.18695141,0.18694673,0.18696427,0.18699989,0.18704937,0.18710859,0.18717335,0.18723954,0.1873029,0.1873593,0.18740465,0.18743469,0.18744528,0.1874323,0.18739149,0.18731876,0.18720995,0.18706082,0.18690068,0.18676084,0.18664037,0.18653826,0.18645342,0.18638492,0.18633175,0.18629289,0.1862674,0.18625428,0.18625242,0.1862609,0.18627876,0.18630493,0.18633841
0.21934614,0.21950483,0.21963829,0.21974248,0.21981351,0.21984735,0.21984003,0.21978764,0.21968606,0.2195314,0.21931964,0.21904683,0.2187089,0.21830198,0.21782207,0.21726513,0.21662721,0.2159538,0.2152922,0.21464117,0.21399951,0.21336606,0.21273948,0.21211864,0.21150224,0.2108891,0.21027802,0.20966776,0.20905714,0.20844479,0.20782965,0.20721044,0.20658585,0.20595483,0.20531608,0.20466831,0.20401037,0.20334104,0.20265901,0.20196323,0.20125228,0.20052509,0.19978034,0.19901687,0.1982334,0.19742876,0.19660173,0.19575106,0.19487551,0.19402896,0.1932634,0.19257483,0.19195925,0.19141276,0.19093129,0.19051091,0.1901476,0.1898374,0.18957631,0.1893604,0.18918563,0.189048,0.18894358,0.1888684,0.1888184,0.18878968,0.1887782,0.18877998,0.18879107,0.18880747,0.18882519,0.18884028,0.18884869,0.1888465,0.1888297,0.18879433,0.1887364,0.18865187,0.18853682,0.18838729,0.18819924,0.18800342,0.18783249,0.18768519,0.18756029,0.18745661,0.18737285,0.18730785,0.18726036,0.18722922,0.1872131,0.18721087,0.18722129,0.18724306,0.18727504,0.187316
0.2203854,0.22053787,0.22066605,0.2207662,0.22083446,0.22086698,0.22085996,0.22080955,0.22071199,0.22056337,0.22035989,0.22009769,0.21977302,0.21938203,0.21892087,0.2183857,0.21777272,0.21712682,0.21649462,0.21587463,0.21526545,0.21466565,0.21407388,0.21348873,0.2129087,0.21233241,0.21175854,0.21118557,0.21061215,0.21003684,0.20945822,0.20887494,0.2082855,0.20768853,0.20708264,0.2064664,0.20583841,0.20519723,0.20454149,0.20386975,0.20318061,0.20247263,0.20174444,0.20099458,0.20022173,0.19942437,0.19860117,0.19775067,0.19687149,0.19601767,0.19524169,0.19453962,0.1939078,0.19334225,0.19283924,0.19239497,0.19200549,0.19166704,0.1913758,0.19112796,0.19091962,0.19074702,0.19060634,0.19049372,0.19040532,0.1903373,0.19028592,0.19024728,0.19021757,0.19019295,0.19016962,0.19014373,0.19011147,0.19006899,0.1900125,0.1899381,0.18984208,0.18972051,0.1895696,0.1893855,0.18916444,0.18893842,0.18874113,0.18857102,0.18842685,0.18830715,0.18821049,0.18813546,0.18808065,0.18804465,0.18802607,0.18802348,0.18803549,0.18806064,0.1880976,0.18814486
0.22124831,0.2213956,0.22151949,0.22161624,0.22168218,0.22171362,0.22170685,0.22165814,0.22156385,0.22142024,0.22122364,0.22097032,0.22065662,0.22027884,0.21983325,0.21931617,0.21872391,0.21810089,0.21749307,0.21689883,0.2163166,0.21574482,0.21518193,0.21462636,0.21407653,0.21353088,0.21298784,0.21244588,0.21190335,0.21135876,0.21081053,0.21025701,0.20969673,0.20912811,0.20854953,0.20795946,0.2073563,0.20673855,0.20610459,0.20545284,0.20478177,0.20408979,0.2033753,0.2026368,0.20187269,0.20108144,0.2002614,0.19941108,0.19852884,0.19766895,0.19688429,0.19617113,0.19552574,0.19494447,0.19442354,0.19395936,0.19354819,0.1931863,0.19287002,0.19259566,0.19235946,0.19215782,0.191987,0.19184329,0.19172296,0.1916224,0.19153787,0.19146565,0.19140202,0.19134338,0.19128594,0.19122608,0.19116001,0.19108409,0.19099459,0.19088785,0.19076017,0.19060783,0.19042715,0.19021441,0.18996589,0.18971479,0.18949555,0.18930662,0.1891464,0.18901339,0.18890601,0.18882263,0.18876176,0.18872178,0.18870115,0.18869826,0.18871157,0.18873954,0.18878058,0.18883309
0.22194505,0.22208822,0.22220857,0.22230257,0.2223667,0.22239721,0.22239062,0.2223433,0.22225168,0.22211215,0.2219211,0.22167492,0.2213701,0.22100298,0.22056998,0.22006749,0.21949194,0.2188874,0.21829925,0.21772583,0.21716535,0.2166162,0.21607663,0.215545,0.21501952,0.21449856,0.21398048,0.2134635,0.21294597,0.21242616,0.21190241,0.21137302,0.21083628,0.21029048,0.20973398,0.20916502,0.208582,0.20798308,0.2073667,0.20673111,0.20607467,0.20539555,0.2046922,0.20396285,0.20320582,0.20241943,0.201602,0.20075172,0.19986707,0.19900233,0.19821069,0.19748846,0.19683217,0.19623816,0.19570282,0.19522256,0.19479384,0.19441299,0.19407648,0.19378074,0.19352208,0.19329695,0.19310181,0.19293302,0.19278698,0.19266008,0.19254877,0.19244942,0.1923585,0.19227228,0.19218735,0.1921,0.19200668,0.19190373,0.19178762,0.19165474,0.19150148,0.19132432,0.19111958,0.19088367,0.19061306,0.19034167,0.19010472,0.18990053,0.18972743,0.18958367,0.18946762,0.18937752,0.18931171,0.18926851,0.1892462,0.18924306,0.18925749,0.18928769,0.18933204,0.18938881
0.22248586,0.22262575,0.22274342,0.22283535,0.22289796,0.22292784,0.22292137,0.22287509,0.22278556,0.22264917,0.22246243,0.22222184,0.22192389,0.22156504,0.22114179,0.22065064,0.22008805,0.21949787,0.21892503,0.2183677,0.21782413,0.2172925,0.21677107,0.21625793,0.21575141,0.21524966,0.21475092,0.21425334,0.21375519,0.21325465,0.21274993,0.2122392,0.21172069,0.2111927,0.2106533,0.21010076,0.20953326,0.20894906,0.20834632,0.20772327,0.20707811,0.20640907,0.2057143,0.20499207,0.20424055,0.20345794,0.20264247,0.20179234,0.20090577,0.20003726,0.19924018,0.19851097,0.19784617,0.19724225,0.1966957,0.196203,0.19576067,0.19536515,0.19501297,0.19470054,0.19442447,0.19418116,0.1939671,0.19377883,0.19361277,0.19346549,0.19333339,0.19321299,0.19310081,0.19299333,0.19288696,0.1927783,0.19266377,0.19253987,0.19240311,0.19224997,0.1920769,0.1918804,0.19165699,0.19140314,0.19111535,0.1908282,0.19057754,0.19036153,0.1901784,0.1900263,0.1899035,0.18980817,0.18973856,0.18969284,0.18966925,0.18966599,0.18968122,0.18971321,0.18976009,0.18982013
0.22288086,0.2230184,0.22313407,0.22322446,0.22328602,0.2233154,0.22330907,0.22326358,0.22317554,0.22304142,0.22285782,0.22262129,0.22232835,0.22197556,0.22155944,0.22107661,0.22052348,0.21994375,0.21938206,0.21883656,0.2183053,0.2177865,0.21727829,0.21677871,0.21628599,0.21579829,0.21531367,0.21483028,0.21434626,0.21385975,0.21336892,0.21287186,0.21236673,0.21185166,0.21132475,0.21078421,0.21022812,0.20965464,0.20906186,0.20844796,0.20781103,0.20714931,0.20646085,0.20574379,0.2049963,0.20421645,0.20340241,0.20255242,0.20166445,0.20079316,0.19999206,0.19925779,0.1985868,0.19797564,0.19742094,0.19691913,0.19646682,0.1960606,0.19569694,0.1953724,0.19508357,0.19482693,0.1945991,0.1943966,0.19421597,0.19405372,0.19390649,0.19377072,0.19364305,0.19351995,0.193398,0.19327375,0.19314377,0.19300456,0.19285268,0.19268471,0.19249715,0.1922866,0.19204952,0.1917826,0.19148223,0.19118363,0.19092287,0.19069822,0.19050775,0.1903496,0.19022188,0.19012274,0.19005035,0.1900028,0.18997827,0.18997483,0.1899907,0.19002396,0.19007273,0.1901352
0.22314025,0.22327623,0.22339062,0.22347996,0.22354081,0.22356984,0.22356363,0.22351867,0.22343159,0.22329895,0.22311746,0.22288357,0.22259395,0.22224516,0.22183369,0.22135626,0.2208094,0.22023652,0.21968216,0.21914442,0.21862127,0.21811089,0.21761131,0.21712063,0.21663705,0.21615851,0.21568316,0.21520908,0.2147344,0.21425715,0.2137754,0.2132873,0.21279094,0.21228436,0.21176568,0.21123299,0.21068439,0.21011789,0.20953168,0.20892385,0.20829237,0.20763539,0.20695107,0.20623739,0.20549254,0.20471458,0.20390153,0.20305151,0.20216261,0.2012895,0.20048586,0.1997482,0.19907312,0.19845723,0.19789712,0.19738935,0.19693056,0.19651727,0.19614604,0.19581357,0.1955164,0.19525102,0.19501409,0.19480224,0.19461203,0.19444,0.19428279,0.19413696,0.19399907,0.19386572,0.19373357,0.19359909,0.19345894,0.19330968,0.19314788,0.1929702,0.19277313,0.19255333,0.1923073,0.19203171,0.19172314,0.19141695,0.19114967,0.19091934,0.19072405,0.19056186,0.19043094,0.1903293,0.19025509,0.19020635,0.19018117,0.19017768,0.19019395,0.19022803,0.19027801,0.19034202
0.22327416,0.22340937,0.22352307,0.22361188,0.2236724,0.22370127,0.22369504,0.22365037,0.22356382,0.22343199,0.22325154,0.22301905,0.22273108,0.22238427,0.2219753,0.22150065,0.22095701,0.22038774,0.21983719,0.21930334,0.21878442,0.21827841,0.2177833,0.21729727,0.2168183,0.21634452,0.21587396,0.2154047,0.21493481,0.21446228,0.21398528,0.21350184,0.21300997,0.21250781,0.21199338,0.21146472,0.21091996,0.21035714,0.20977432,0.20916954,0.20854087,0.20788643,0.2072042,0.2064923,0.2057488,0.2049717,0.2041592,0.2033092,0.20241983,0.20154582,0.20074081,0.2000014,0.19932424,0.19870593,0.19814302,0.1976322,0.19716997,0.19675303,0.19637796,0.19604136,0.19573984,0.19546993,0.19522841,0.19501173,0.19481653,0.19463947,0.19447711,0.19432604,0.1941829,0.19404429,0.19390681,0.19376712,0.1936217,0.19346723,0.19330034,0.1931176,0.19291565,0.19269103,0.19244045,0.19216037,0.19184752,0.19153748,0.19126679,0.1910335,0.19083571,0.19067152,0.1905389,0.19043599,0.19036078,0.19031142,0.19028592,0.19028237,0.19029887,0.19033337,0.19038402,0.19044888
0.22329281,0.22342789,0.22354153,0.22363025,0.22369073,0.22371958,0.22371335,0.22366868,0.22358224,0.22345053,0.22327018,0.2230379,0.22275019,0.2224037,0.22199503,0.22152075,0.22097754,0.22040878,0.21985874,0.21932551,0.21880715,0.21830171,0.21780723,0.21732184,0.21684355,0.2163704,0.21590054,0.21543194,0.2149627,0.2144909,0.2140145,0.21353172,0.21304047,0.2125389,0.21202509,0.211497,0.21095279,0.21039043,0.20980807,0.20920372,0.2085755,0.20792134,0.20723945,0.20652783,0.20578445,0.20500757,0.20419507,0.20334508,0.20245565,0.2015815,0.20077631,0.20003667,0.1993592,0.19874057,0.19817725,0.19766599,0.19720331,0.19678587,0.19641022,0.19607306,0.19577095,0.19550048,0.19525823,0.1950409,0.19484504,0.19466724,0.19450417,0.19435237,0.19420853,0.19406916,0.19393095,0.19379048,0.19364433,0.19348916,0.19332154,0.19313817,0.19293545,0.19271024,0.19245894,0.1921783,0.19186486,0.19155423,0.19128306,0.1910494,0.19085127,0.19068678,0.19055392,0.19045083,0.1903755,0.19032608,0.19030051,0.19029695,0.19031346,0.19034804,0.19039877,0.19046374
0.22320634,0.22334197,0.22345601,0.2235451,0.22360578,0.22363472,0.22362849,0.22358368,0.22349688,0.22336467,0.22318366,0.22295044,0.22266164,0.22231384,0.22190359,0.22142754,0.22088227,0.2203112,0.21975869,0.2192229,0.21870181,0.21819356,0.21769622,0.21720785,0.21672653,0.21625035,0.21577735,0.21530566,0.2148333,0.2143584,0.21387902,0.21339323,0.21289907,0.21239467,0.21187809,0.21134742,0.21080068,0.21023603,0.20965147,0.2090451,0.20841508,0.2077593,0.20707606,0.20636325,0.20561907,0.20484152,0.2040287,0.2031787,0.2022896,0.20141605,0.20061173,0.19987321,0.19919707,0.19858001,0.19801852,0.19750921,0.19704877,0.19663368,0.19626054,0.19592606,0.19562665,0.1953591,0.19511989,0.19490567,0.19471298,0.19453849,0.19437869,0.19423032,0.1940898,0.19395392,0.19381909,0.19368203,0.19353929,0.19338748,0.19322316,0.19304296,0.1928435,0.19262132,0.19237302,0.19209522,0.19178453,0.19147645,0.19120745,0.19097571,0.19077918,0.190616,0.19048424,0.19038197,0.19030729,0.19025822,0.19023293,0.19022937,0.1902457,0.19028,0.19033034,0.19039477
0.22302496,0.22316165,0.2232766,0.22336641,0.22342761,0.22345674,0.22345044,0.2234053,0.22331777,0.22318456,0.22300205,0.222767,0.22247592,0.22212532,0.2217118,0.22123194,0.22068231,0.22010641,0.2195488,0.21900758,0.21848084,0.2179667,0.21746325,0.21696873,0.21648103,0.21599844,0.21551892,0.21504074,0.21456186,0.21408053,0.21359473,0.2131027,0.21260239,0.21209204,0.21156971,0.21103354,0.2104816,0.20991202,0.20932287,0.20871232,0.20807844,0.20741937,0.20673318,0.20601803,0.20527197,0.2044932,0.20367971,0.20282966,0.20194119,0.20106891,0.20026642,0.19953023,0.19885696,0.19824319,0.19768547,0.19718039,0.19672444,0.19631429,0.19594644,0.19561751,0.19532397,0.19506256,0.19482966,0.19462198,0.19443598,0.19426829,0.19411553,0.19397418,0.1938408,0.19371207,0.1935844,0.1934545,0.19331887,0.19317408,0.19301666,0.19284333,0.1926505,0.19243474,0.19219276,0.19192098,0.19161606,0.19131327,0.19104889,0.19082107,0.1906279,0.1904675,0.190338,0.1902375,0.1901641,0.19011591,0.19009097,0.19008754,0.19010359,0.19013733,0.19018677,0.19025011
0.22275878,0.22289705,0.22301337,0.2231042,0.22316611,0.22319564,0.22318926,0.22314353,0.22305503,0.2229202,0.22273563,0.22249787,0.22220337,0.22184871,0.2214304,0.22094491,0.22038892,0.21980597,0.21924084,0.21869166,0.21815659,0.21763387,0.2171215,0.21661778,0.21612081,0.21562874,0.21513976,0.21465197,0.2141636,0.21367277,0.2131776,0.21267635,0.2121671,0.21164802,0.21111727,0.210573,0.2100134,0.20943663,0.20884076,0.20822403,0.20758457,0.20692058,0.20623015,0.20551151,0.20476274,0.20398208,0.20316762,0.20231754,0.20143,0.20055957,0.19975975,0.19902699,0.19835795,0.19774905,0.1971968,0.19669782,0.19624862,0.19584568,0.19548556,0.19516477,0.19487987,0.19462737,0.1944038,0.1942057,0.19402957,0.19387196,0.19372939,0.19359836,0.19347547,0.19335721,0.19324009,0.19312067,0.19299544,0.19286098,0.19271377,0.19255038,0.19236729,0.19216108,0.19192825,0.19166534,0.19136886,0.19107379,0.1908162,0.19059417,0.19040596,0.19024971,0.19012348,0.19002555,0.189954,0.18990701,0.18988277,0.18987939,0.18989505,0.18992789,0.1899761,0.19003786
0.22241804,0.22255835,0.22267637,0.22276855,0.22283134,0.22286128,0.22285485,0.22280844,0.22271861,0.22258183,0.22239457,0.22215326,0.22185443,0.22149454,0.22107004,0.2205775,0.22001332,0.21942131,0.21884653,0.21828721,0.21774155,0.21720771,0.21668395,0.21616855,0.21565965,0.21515547,0.21465433,0.2141543,0.21365373,0.21315074,0.21264365,0.21213059,0.21160983,0.21107955,0.21053801,0.20998342,0.20941398,0.20882793,0.20822349,0.20759887,0.20695229,0.20628196,0.20558614,0.20486301,0.20411079,0.2033277,0.202512,0.20166185,0.20077552,0.1999075,0.19911106,0.19838275,0.19771904,0.19711635,0.19657119,0.19608007,0.19563943,0.19524574,0.19489554,0.1945852,0.1943113,0.19407028,0.1938586,0.19367275,0.19350925,0.19336447,0.19323502,0.19311726,0.19300774,0.19290291,0.19279926,0.19269322,0.19258139,0.1924601,0.19232595,0.19217534,0.19200476,0.19181067,0.19158961,0.19133802,0.19105236,0.1907672,0.19051825,0.19030373,0.19012184,0.18997079,0.18984883,0.18975419,0.18968505,0.18963961,0.18961623,0.18961293,0.18962808,0.18965983,0.18970643,0.18976605
